27.996	-2.60651282
29.0015	-1.59E+00
30.0025	-3.77E-02
31.005	2.03E+00
31.9955	4.69E+00
32.9985	7.79E+00
34.0025	1.14E+01
34.998	1.53E+01
35.996	1.95E+01
37.003	2.39E+01
37.998	2.84E+01
39.0035	3.30E+01
39.996	3.78E+01
41.0015	4.27E+01
42.001	4.79E+01
43.002	5.33E+01
44.0105	5.87E+01
45.0085	6.40E+01
46.0145	6.94E+01
47	7.46E+01
47.996	8.00E+01
49.0025	8.52E+01
50.004	9.04E+01
51	9.55E+01
51.9965	100.5514322
52.9975	105.5249843
54.0045	110.5489579
55.0135	115.4725268
55.9985	120.3237026
56.9985	125.1203525
58.0175	129.9375599
59.002	134.2705445
59.999	138.4009733
61.017	142.1701013
62	145.5346473
62.993	148.5913919
64.001	151.5749759
65.0035	154.3420763
66.02	157.1368199
66.997	159.6709138
67.999	162.213485
69.0175	164.536859
69.9955	166.6258729
71.0025	168.4689924
72.015	170.1900338
73.0025	171.6387627
73.994	173.0437946
75.024	174.3248374
76.0165	175.5721345
77.002	176.6888918
78.0145	177.8084145
79.0025	178.6923718
80.022	179.5449521
81.0105	180.1555781
82.009	180.6597521
83.0025	180.897279
84.029	181.0727286
85.027	181.101975
86.0205	181.2008964
87.0125	181.2264235
88.001	181.2507684
89.004	181.063626
90.029	180.7892934
91.0255	180.2746681
92.0225	179.6787934
93.009	178.9191784
94.0125	178.189952
94.996	177.3923329
96.028	176.5820049
97.0165	175.6502073
98.0015	174.757674
99.0255	173.7668347
100.022	172.8609155
101.013	171.8002842
102.0105	170.6684375
102.9955	169.3462805
104.0295	167.9366814
105.021	166.4453131
106.0095	164.9759014
107.006	163.3810645
108.017	161.8519945
109.011	160.3027013
109.998	158.8262999
111.005	157.1888442
112.0265	155.5238414
113.028	153.712001
114.022	151.9074646
115.0105	149.9861528
116.006	148.0757421
117.023	145.9768166
118.004	143.9476115
119.029	141.6684827
120.024	139.4941086
121.0115	137.2618868
122.0085	135.1350231
123.0095	133.0099696
124.018	131.0322784
125.0085	129.0396295
126.0105	127.0422281
126.9975	124.9068219
127.9975	122.8264084
129.025	120.752205
130.02	118.9722458
131.001	117.2242562
132.0295	115.512803
133.017	113.7912027
133.9995	112.0983726
135.0275	110.1495745
136.027	108.2687146
137.017	106.3282583
138.0025	104.5205852
139.0125	1.03E+02
139.9995	100.9967649
141.027	9.93E+01
142.016	97.85409562
142.995	9.65E+01
144.031	9.52E+01
145.0165	9.40E+01
146.004	9.29E+01
147.02	9.18E+01
148.007	9.08E+01
149.008	8.96E+01
150.0075	8.85E+01
151.0165	8.72E+01
151.996	8.61E+01
153.0305	8.49E+01
154.025	8.39E+01
155.024	8.28E+01
156.024	8.20E+01
157.0095	8.11E+01
158.011	8.02E+01
158.998	7.94E+01
160.0015	7.88E+01
161.0215	7.82E+01
162.0165	7.77E+01
162.9995	7.72E+01
164.032	7.68E+01
165.027	7.63E+01
166.018	7.60E+01
167.007	7.56E+01
168.0025	7.53E+01
169.033	7.49E+01
170.026	7.44E+01
171.0255	7.38E+01
172.0225	7.34E+01
173.0085	7.29E+01
174.0055	7.28E+01
175.022	7.26E+01
176.0105	7.26E+01
177.003	7.24E+01
177.998	7.23E+01
179.0245	7.20E+01
180.022	7.19E+01
181.0135	7.17E+01
182.006	7.17E+01
183.023	7.18E+01
184.0075	7.20E+01
185.009	7.22E+01
186.01	7.24E+01
187.017	7.26E+01
188.002	7.29E+01
188.999	7.31E+01
190.0225	7.34E+01
191.0045	7.36E+01
191.998	7.38E+01
193.023	7.40E+01
194.0065	7.43E+01
194.9975	7.45E+01
196.003	7.49E+01
197.0275	7.53E+01
198.0245	7.59E+01
199.0165	7.64E+01
200.0135	7.71E+01
201.0025	7.78E+01
202.0215	7.86E+01
203.006	7.93E+01
204.011	8.01E+01
204.9975	8.09E+01
206.022	8.18E+01
207.0105	8.26E+01
208.0065	8.34E+01
209.0085	8.40E+01
210.006	8.47E+01
211.014	8.51E+01
212.0085	8.55E+01
213.0105	8.58E+01
213.9955	8.62E+01
215.023	8.66E+01
216.011	8.71E+01
217.003	8.76E+01
217.9995	8.84E+01
219.0235	8.93E+01
220.012	9.05E+01
221.0025	9.18E+01
222.004	9.35E+01
223.0265	9.51E+01
224.028	96.7908347
225.025	9.83E+01
226.016	99.69373046
227.01	1.01E+02
228.012	102.4188933
229.0115	1.04E+02
230.001	105.3178007
231.024	106.8013139
232.023	108.3421177
233.0125	109.8012909
233.997	111.3924068
235.025	113.0313357
236.0245	114.7603494
237.02	116.416341
238.0065	118.1986346
239.0065	120.027515
240.008	122.0546995
241.008	124.0486822
242.0155	126.1520788
243.001	128.0886449
244.0295	130.1656262
245.0245	132.0582925
246.0105	133.9930514
247.007	135.8217743
248.011	137.7305215
249.0045	139.5073295
250.019	141.3714331
251.0295	143.1185155
252.023	144.9941311
253.0055	146.8780562
253.996	148.9688274
255.022	151.1036796
256.018	153.285673
257.0035	155.351447
258.0175	157.601628
259.022	159.7969277
260.013	162.0777532
261.0015	164.2116737
262.0195	166.3725733
263.013	168.2411197
263.999	170.0810367
265.0105	171.8539788
266.0195	173.765672
267.0045	175.5793569
268.025	177.5067097
269.009	179.1658957
270.0075	180.8444261
271.006	182.3530266
271.995	183.8629867
273.002	185.2334266
274.0155	186.6318425
275.007	187.7994676
276.006	188.909624
277.0055	189.7365225
278.002	190.5027996
279	191.0631819
280.013	191.5885924
280.999	191.8386219
282.021	192.0368552
283.0155	192.0096485
283.9975	191.9312364
285.0165	191.6191756
286.0195	191.3874572
287.003	191.1302026
288.024	190.9719094
289.0225	190.5988729
290.011	190.1350094
291.0045	189.3756099
292.0135	188.5137311
293.02	187.3894925
294.01	186.2431212
295.007	184.863926
296.005	183.4209252
297.0245	181.6620639
298.0165	179.8816518
299.0055	177.8762989
299.998	175.8417116
301.0295	173.486925
302.02	171.1130625
303.0075	168.3810877
304.013	165.4084018
304.998	162.1186452
306.0335	158.444486
307.025	154.49958
308.014	150.3610672
308.9985	145.8759768
310.0295	140.9761436
311.0245	135.8154789
312.0175	130.4312048
312.9975	124.7262088
314.0325	118.5370656
315.023	112.2772143
316.013	105.8432571
316.997	9.90E+01
318.0315	9.15E+01
319.019	8.38E+01
320.008	7.57E+01
321.0085	6.69E+01
321.9975	5.78E+01
323.0175	4.79E+01
324.008	3.80E+01
325.0055	2.77E+01
326.032	1.73E+01
327.0215	7.23E+00
328.0055	-2.360620304
