48.0055	-0.215276811
49.01	-1.47E-01
50.0105	-5.07E-02
51.009	7.84E-02
52.007	2.70E-01
53.014	5.90E-01
54.0065	1.05E+00
55.002	1.64E+00
55.9985	2.39E+00
57.005	3.34E+00
58.003	4.43E+00
59.008	5.62E+00
60.0055	6.79E+00
60.9985	7.88E+00
62.0015	8.88E+00
63.0105	9.81E+00
64.009	1.07E+01
65.0085	1.16E+01
65.9965	1.26E+01
66.999	1.37E+01
68.0045	1.49E+01
69.0065	1.61E+01
70.004	1.75E+01
70.999	1.88E+01
72.001	2.00E+01
73.0015	2.10E+01
73.998	2.20E+01
74.999	2.29E+01
76.001	2.38E+01
77	2.48E+01
78.0075	2.58E+01
78.9995	2.68E+01
80.002	2.77E+01
80.997	2.85E+01
81.9975	2.92E+01
83.004	2.98E+01
84.0065	3.03E+01
84.9955	3.08E+01
86	3.14E+01
87.004	3.19E+01
88.001	3.23E+01
89.005	3.27E+01
90.0025	3.30E+01
91.007	3.33E+01
91.9985	3.35E+01
93.002	3.36E+01
94.008	3.36E+01
94.998	3.36E+01
96.0065	3.36E+01
96.996	3.35E+01
98.001	3.33E+01
99.004	3.30E+01
100.007	3.25E+01
100.9965	3.20E+01
102.0005	3.14E+01
103.0035	3.07E+01
104.004	2.99E+01
105.01	2.92E+01
106.008	2.85E+01
107.004	2.78E+01
108.017	2.71E+01
109.002	2.65E+01
110.001	2.59E+01
111.0005	2.53E+01
112.0015	2.49E+01
113.003	2.45E+01
114.0025	2.41E+01
115.0015	2.37E+01
116.001	2.31E+01
117.004	2.26E+01
118.0015	2.20E+01
119.004	2.13E+01
120.003	2.05E+01
120.9955	1.97E+01
121.999	1.87E+01
123.0075	1.76E+01
124.0075	1.65E+01
124.995	1.54E+01
126.0095	1.43E+01
127.0025	1.32E+01
128.0035	1.20E+01
129.005	1.08E+01
130.003	9.63E+00
131.005	8.47E+00
132.02	7.36E+00
133.001	6.36E+00
134.0165	5.45E+00
135.005	4.68E+00
136.011	3.98E+00
137.0025	3.33E+00
138.02	2.72E+00
138.9965	2.14E+00
139.9995	1.50E+00
141.011	7.80E-01
142.009	-4.54E-03
143.008	-8.52E-01
144.0065	-1.78E+00
145	-2.78E+00
145.996	-3.85E+00
147	-4.99E+00
148.005	-6.15E+00
149.0015	-7.29E+00
150.002	-8.36E+00
151.0005	-9.33E+00
152.008	-1.02E+01
152.9985	-1.09E+01
153.997	-1.17E+01
155.01	-1.25E+01
155.998	-1.34E+01
157.0055	-1.43E+01
158.01	-1.53E+01
159.005	-1.63E+01
160.002	-1.73E+01
161.005	-1.83E+01
162.001	-1.91E+01
163.0045	-1.99E+01
164.015	-2.07E+01
164.9955	-2.15E+01
166.0055	-2.25E+01
167.0005	-2.34E+01
168.0055	-2.43E+01
169.003	-2.52E+01
170.012	-2.61E+01
171.003	-2.69E+01
172	-2.76E+01
172.9965	-2.82E+01
174.006	-2.88E+01
175.0055	-2.95E+01
175.996	-3.01E+01
177.0105	-3.08E+01
178.0035	-3.15E+01
179.0015	-3.22E+01
180.007	-3.28E+01
181.007	-3.34E+01
182.0015	-3.39E+01
183.01	-3.45E+01
183.996	-3.51E+01
185.0105	-3.59E+01
186.0145	-3.66E+01
186.996	-3.74E+01
188.002	-3.82E+01
189.0105	-3.90E+01
190.007	-3.98E+01
191.009	-4.06E+01
192.01	-4.13E+01
192.997	-4.19E+01
194.017	-4.25E+01
195.0105	-4.32E+01
196.006	-4.39E+01
197.004	-4.45E+01
198.0105	-4.49E+01
199.0115	-4.51E+01
199.9965	-4.51E+01
201.023	-4.50E+01
202.006	-4.50E+01
202.998	-4.49E+01
204.014	-4.48E+01
205.008	-4.47E+01
206.006	-4.45E+01
207.025	-4.41E+01
208.017	-4.38E+01
209.006	-4.35E+01
210.014	-4.34E+01
211.0135	-4.34E+01
211.997	-4.34E+01
213.0175	-4.34E+01
214.01	-4.33E+01
215.006	-4.31E+01
216.0195	-4.27E+01
217.0115	-4.22E+01
218.004	-4.15E+01
219.0075	-4.08E+01
220.012	-4.01E+01
221.006	-3.96E+01
222.0045	-3.92E+01
223.0055	-3.88E+01
224.004	-3.83E+01
225.0045	-3.78E+01
226.0125	-3.73E+01
226.9965	-3.67E+01
228.009	-3.61E+01
229.0105	-3.55E+01
230.006	-3.50E+01
231.0195	-3.45E+01
232.004	-3.40E+01
233.016	-3.36E+01
233.9985	-3.32E+01
235.006	-3.28E+01
236.01	-3.23E+01
237.0095	-3.17E+01
237.998	-3.11E+01
239.0245	-3.03E+01
240.002	-2.95E+01
241.0165	-2.86E+01
241.9995	-2.78E+01
243.0215	-2.70E+01
244.011	-2.62E+01
245.0065	-2.55E+01
246.023	-2.49E+01
247.009	-2.43E+01
247.999	-2.39E+01
249.018	-2.34E+01
250.0135	-2.30E+01
250.9975	-2.24E+01
252.023	-2.17E+01
253.0145	-2.09E+01
253.996	-1.99E+01
255.025	-1.90E+01
256.0195	-1.81E+01
257.0015	-1.73E+01
258.0295	-1.65E+01
259.016	-1.58E+01
259.998	-1.53E+01
261.026	-1.48E+01
262.0085	-1.44E+01
263.006	-1.39E+01
264.007	-1.33E+01
265.008	-1.25E+01
266.01	-1.17E+01
266.9965	-1.10E+01
268.0215	-1.03E+01
269.013	-9.77E+00
270.006	-9.36E+00
271	-9.03E+00
272.0125	-8.73E+00
272.996	-8.46E+00
274.012	-8.20E+00
275.017	-7.91E+00
276.0035	-7.58E+00
277.0185	-7.15E+00
278.0115	-6.67E+00
278.9985	-6.14E+00
280.0195	-5.56E+00
281.0065	-4.99E+00
281.996	-4.50E+00
283.015	-4.19E+00
284.0075	-4.08E+00
285.009	-4.09E+00
286.0055	-4.14E+00
287.0205	-4.16E+00
288.0055	-4.15E+00
288.996	-4.12E+00
290.0025	-4.08E+00
291.012	-4.05E+00
292.003	-4.05E+00
293.0155	-4.04E+00
293.998	-4.00E+00
295.0215	-3.91E+00
296.0095	-3.78E+00
297.0055	-3.59E+00
298.023	-3.40E+00
299.0025	-3.26E+00
300.013	-3.18E+00
301.004	-3.10E+00
302.0185	-2.96E+00
303.003	-2.70E+00
304.015	-2.30E+00
304.999	-1.82E+00
306.0245	-1.31E+00
307.0125	-9.11E-01
307.9975	-6.88E-01
309.0215	-6.74E-01
310.0065	-8.27E-01
311.007	-1.09E+00
311.999	-1.42E+00
313.0285	-1.79E+00
314.013	-2.12E+00
314.9955	-2.41E+00
316.0295	-2.72E+00
317.015	-3.05E+00
317.997	-3.41E+00
319.03	-3.82E+00
320.017	-4.20E+00
320.997	-4.53E+00
322.025	-4.81E+00
323.0065	-5.03E+00
324.007	-5.21E+00
325.028	-5.35E+00
326.007	-5.40E+00
327.01	-5.36E+00
328	-5.22E+00
329.0195	-5.01E+00
330.005	-4.76E+00
331.015	-4.50E+00
332.0035	-4.28E+00
333.0155	-4.12E+00
334.004	-4.05E+00
335.018	-4.04E+00
336.008	-4.04E+00
337.002	-4.02E+00
338.0135	-3.98E+00
339.0055	-3.96E+00
340.0065	-3.98E+00
340.9985	-4.05E+00
342.022	-4.10E+00
343.012	-4.02E+00
343.9975	-3.74E+00
345.019	-3.21E+00
346.0035	-2.50E+00
347.0015	-1.59E+00
348.0155	-0.569978018
