27.996 -0.0
29.0015 -9.635911141355098e-06
30.0025 -6.429251676905515e-06
31.005 -1.455833136689011e-05
31.9955 -1.0472957021919263e-05
32.9985 -1.8659878883848374e-05
34.0025 -1.3698892699500614e-05
34.998 -2.0418798455235435e-05
35.996 -1.39140426141382e-05
37.003 -2.0057270736340005e-05
37.998 -1.4127872430748367e-05
39.0035 -2.1553267302885232e-05
39.996 -1.59248378957845e-05
41.0015 -2.2009518547201623e-05
42.001 -1.5771162593474636e-05
43.002 -2.1960783845260956e-05
44.0105 -1.535326036270629e-05
45.0085 -2.185231280450728e-05
46.0145 -1.58722242881576e-05
47.0 -2.1906321253456484e-05
47.996 -1.4826364431855255e-05
49.0025 -2.0410562957207112e-05
50.004 -1.3517208573218809e-05
51.0 -1.8998112108550846e-05
51.9965 -1.210262498122644e-05
52.9975 -1.833192019884411e-05
54.0045 -1.1802381731908229e-05
55.0135 -1.785456263828783e-05
55.9985 -1.1015791098883954e-05
56.9985 -1.6962898505591684e-05
58.0175 -9.83400611166002e-06
59.002 -1.6309441088539767e-05
59.999 -9.602706858839738e-06
61.017 -1.544312015665933e-05
62.0 -8.87045158262656e-06
62.993 -1.5805875792723745e-05
64.001 -1.0160130937311718e-05
65.0035 -1.6779749387629828e-05
66.02 -1.1346635620523848e-05
66.997 -1.8393780161635176e-05
67.999 -1.2506830439018568e-05
69.0175 -1.9950777914820583e-05
69.9955 -1.365855900008206e-05
71.0025 -2.0710502915410878e-05
72.015 -1.4795241862125552e-05
73.0025 -2.25062726677272e-05
73.994 -1.7291412786960003e-05
75.024 -2.5314831866032894e-05
76.0165 -2.0386846725048424e-05
77.002 -2.7446791707061435e-05
78.0145 -2.2680401689997853e-05
79.0025 -3.044363642601411e-05
80.022 -2.560805503382113e-05
81.0105 -3.331749814726448e-05
82.009 -2.8029368932119825e-05
83.0025 -3.6768142568310846e-05
84.029 -3.191035936800368e-05
85.027 -4.0845998805105754e-05
86.0205 -3.669795823892097e-05
87.0125 -4.523961164480672e-05
88.001 -4.0442344156163545e-05
89.004 -4.872527108035207e-05
90.029 -4.346603754912248e-05
91.0255 -5.1814232208236e-05
92.0225 -4.65162016065751e-05
93.009 -5.527082566438024e-05
94.0125 -5.016400991154912e-05
94.996 -5.767483576360477e-05
96.028 -5.287960495688193e-05
97.0165 -6.187560151481308e-05
98.0015 -5.732379130025944e-05
99.0255 -6.57424774275217e-05
100.022 -6.117783355850948e-05
101.013 -6.976950635716184e-05
102.0105 -6.48812561254708e-05
102.9955 -7.35943833583691e-05
104.0295 -6.859909804977915e-05
105.021 -7.759037712040673e-05
106.0095 -7.254557584754351e-05
107.006 -8.193257367580808e-05
108.017 -7.810315240378007e-05
109.011 -8.741819733087963e-05
109.998 -8.308584375177341e-05
111.005 -9.319002374907903e-05
112.0265 -8.969101322553463e-05
113.028 -9.890187680572371e-05
114.022 -9.581407581632506e-05
115.0105 -0.0001052779018838601
116.006 -0.00010112463798492288
117.023 -0.00011126915800807602
118.004 -0.00010735818969800914
119.029 -0.00011752176927548597
120.024 -0.00011446326789130157
121.0115 -0.0001245221372971339
122.0085 -0.00012057629291162275
123.0095 -0.00013052854394055013
124.018 -0.00012711142785989948
125.0085 -0.00013729151791722072
126.0105 -0.0001344217994951602
126.9975 -0.00014496496156590766
127.9975 -0.0001423214072226453
129.025 -0.00015219046505135503
130.02 -0.00014890362826908143
131.001 -0.0001585594863222073
132.0295 -0.00015505206040147823
133.017 -0.00016500229390128962
133.9995 -0.00016061636112404964
135.0275 -0.0001710769572638715
136.027 -0.00016760099656953908
137.017 -0.00017749667516436807
138.0025 -0.00017363388146532377
139.0125 -0.00018408529811239638
139.9995 -0.00018023975471617715
141.027 -0.00019063753381601267
142.016 -0.00018683639204850055
142.995 -0.00019640122574438035
144.031 -0.000191917241329137
145.0165 -0.00020274627867103434
146.004 -0.00019844577614225312
147.02 -0.00020751889650932887
148.007 -0.00020269251808582855
149.008 -0.00021263007029057035
150.0075 -0.00020901321015640018
151.0165 -0.0002191578092557156
151.996 -0.00021451880729458916
153.0305 -0.00022485390507537284
154.025 -0.0002201010975692863
155.024 -0.00022982030869528325
156.024 -0.00022464568051980272
157.0095 -0.000234142045217961
158.011 -0.00022869914574219496
158.998 -0.0002379383979909666
160.0015 -0.00023224995902865198
161.0215 -0.00024067573520306085
162.0165 -0.00023495064058887127
162.9995 -0.00024418224011682477
164.032 -0.00023915250112369058
165.027 -0.00024754253291001116
166.018 -0.00024125426552090712
167.007 -0.0002495035093277309
168.0025 -0.00024300900440465956
169.033 -0.00025105002502573415
170.026 -0.00024417170928597853
171.0255 -0.000253624208680997
172.0225 -0.0002481660394072216
173.0085 -0.0002568639893632818
174.0055 -0.00025100574332612147
175.022 -0.0002588851023186123
176.0105 -0.0002526196907311762
177.003 -0.00026106356662874974
177.998 -0.00025529429220005895
179.0245 -0.00026434870203986827
180.022 -0.00025833329755889367
181.0135 -0.0002666368685031173
182.006 -0.0002598609801056917
183.023 -0.000267725560586074
184.0075 -0.00026115525679731855
185.009 -0.00026928145705321094
186.01 -0.00026229253688694887
187.017 -0.00026927974153156953
188.002 -0.00026205687303809677
188.999 -0.0002697448694041482
190.0225 -0.00026220641748886386
191.0045 -0.0002698849965055983
191.998 -0.00026212272913753165
193.023 -0.00027017146360847066
194.0065 -0.0002627884836611527
194.9975 -0.00026953136446106196
196.003 -0.00026126425562111866
197.0275 -0.00026724852366749596
198.0245 -0.0002591247880527059
199.0165 -0.00026522277830176577
200.0135 -0.0002560905753595244
201.0025 -0.0002623975858880856
202.0215 -0.00025334054325198974
203.006 -0.00025979248848917447
204.011 -0.0002515918278303553
204.9975 -0.0002573150691085324
206.022 -0.0002481240522884398
207.0105 -0.0002545827840959858
208.0065 -0.0002453245198421605
209.0085 -0.0002509378805729545
210.006 -0.0002415382001952071
211.014 -0.000248556367912961
212.0085 -0.0002399650465540193
213.0105 -0.00024746845693804365
213.9955 -0.00023928953184781943
215.023 -0.0002450426069468825
216.011 -0.00023582092161278378
217.003 -0.00024135822844273402
217.9995 -0.00023125038006183152
219.0235 -0.00023710889133218838
220.012 -0.00022651537917733888
221.0025 -0.00023133704141811706
222.004 -0.00022001686182021585
223.0265 -0.0002237574492748584
224.028 -0.00021223123092148355
225.025 -0.0002169556224773106
226.016 -0.00020564613951212785
227.01 -0.00021024486877796456
228.012 -0.00019893708294932422
229.0115 -0.00020359589412652368
230.001 -0.0001922211259632045
231.024 -0.0001968171874975888
232.023 -0.00018530358409199477
233.0125 -0.00018979148024969583
233.997 -0.00017820663570630724
235.025 -0.00018217148811086603
236.0245 -0.00016938359684132154
237.02 -0.00017331596718356268
238.0065 -0.00016113309001911102
239.0065 -0.00016449280206651262
240.008 -0.00015125574797902885
241.008 -0.00015478412886335557
242.0155 -0.00014219261792969284
243.001 -0.0001459251101152692
244.0295 -0.00013401934001419646
245.0245 -0.0001369875167369916
246.0105 -0.0001245665921617567
247.007 -0.00012832947473340184
248.011 -0.00011534095441370629
249.0045 -0.00011932782382309548
250.019 -0.00010706499461135555
251.0295 -0.00011118543294216798
252.023 -9.918214320625562e-05
253.0055 -0.00010243644853105693
253.996 -8.949882145589672e-05
255.022 -9.227377388584812e-05
256.018 -7.893951229057117e-05
257.0035 -8.291433079710142e-05
258.0175 -7.01814787078675e-05
259.022 -7.380292185864279e-05
260.013 -6.11920316119785e-05
261.0015 -6.462429884561416e-05
262.0195 -5.196509808427785e-05
263.013 -5.69070316883552e-05
263.999 -4.4257085817761554e-05
265.0105 -4.8076170944724717e-05
266.0195 -3.5891845112240306e-05
267.0045 -3.877695781703827e-05
268.025 -2.553376615291314e-05
269.009 -3.023846123749452e-05
270.0075 -1.7976738557662353e-05
271.006 -2.183216983800418e-05
271.995 -9.691566697250797e-06
273.002 -1.3548003748545256e-05
274.0155 -2.273781154499277e-06
275.007 -7.0786674476741585e-06
276.006 5.298756324670362e-06
277.0055 2.0072501204226878e-07
278.002 1.1037415207082457e-05
279.0 5.706155280879588e-06
280.013 1.7327754800386397e-05
280.999 1.1662012595684002e-05
282.021 2.228614795568573e-05
283.0155 1.708319834906047e-05
283.9975 2.8483657426983666e-05
285.0165 2.1679764939872004e-05
286.0195 3.1187504470217564e-05
287.003 2.505279966602547e-05
288.024 3.675514694033433e-05
289.0225 3.1344233550389955e-05
290.011 4.128265890802896e-05
291.0045 3.420721525743131e-05
292.0135 4.402227245239865e-05
293.02 3.6665124442517016e-05
294.01 4.645399198870137e-05
295.007 3.863170818946271e-05
296.005 4.890168707560871e-05
297.0245 4.1624229656353484e-05
298.0165 5.101184730360586e-05
299.0055 4.28812018075167e-05
299.998 5.206135012274932e-05
301.0295 4.42444316812729e-05
302.02 5.339163968438171e-05
303.0075 4.4503235678866604e-05
304.013 5.298889218279673e-05
304.998 4.422805364185517e-05
306.0335 5.245367752677865e-05
307.025 4.2952409842568484e-05
308.014 5.0052149730160644e-05
308.9985 4.078759739108151e-05
310.0295 4.860202288467508e-05
311.0245 3.8526365341975954e-05
312.0175 4.599705796251574e-05
312.9975 3.559511809728133e-05
314.0325 4.294900640074151e-05
315.023 3.26947457040018e-05
316.013 3.961850467034886e-05
316.997 2.8403852958245462e-05
318.0315 3.486492798673163e-05
319.019 2.3415465063372082e-05
320.008 3.067044278357023e-05
321.0085 1.8082215329884993e-05
321.9975 2.3144762514247172e-05
323.0175 1.0460777865003643e-05
324.008 1.598194231504889e-05
325.0055 2.8738086481037983e-06
326.032 8.018561021026771e-06
327.0215 -4.989487472389226e-06
328.0055 -0.0
