!---------------------------------------------------------------------------------
!SCANNED AXIS: Motor5
!KIND OF MOVEMENT: Absolute
!START POSITION: 28.0280 mm
!STOP POSITION: 328.0160 mm
!NUMBER OF STEPS: 300
!STEP VALUE: 1.0 mm
!SCAN TIME: 0.1 s
!---------------------------------------------------------------------------------

28.0280 -0.0029273630438753084   -1503.3    -203.8
29.0095 -0.002912450078867077   -1494.5    -204.1
30.0070 -0.0029004051499002983   -1487.5    -205.1
31.0230 -0.0028873783280859893   -1479.9    -204.5
32.0105 -0.0028738158990329007   -1472.0    -204.4
33.0070 -0.0028610957450832864   -1464.5    -204.3
34.0215 -0.0028475114840481198   -1456.6    -202.9
35.0070 -0.002835382887018916   -1449.5    -202.9
36.0005 -0.0028223139407099643   -1441.8    -202.7
37.0020 -0.0028096333121246974   -1434.4    -200.8
38.0180 -0.00279601560520023   -1426.5    -201.0
39.0060 -0.0027840323018770326   -1419.5    -200.9
40.0030 -0.0027715842261742817   -1412.2    -200.7
41.0225 -0.0027577844332931792   -1404.1    -199.5
42.0110 -0.0027457480129405454   -1397.1    -199.0
43.0060 -0.002732539541702473   -1389.4    -197.7
44.0130 -0.002719310118973138   -1381.6    -195.7
45.0050 -0.002705427552649487   -1373.5    -195.0
46.0095 -0.002694055597160255   -1366.9    -192.8
47.0200 -0.0026804383524955074   -1358.9    -192.0
48.0030 -0.0026677755828838677   -1351.5    -191.9
49.0160 -0.0026556971162130663   -1344.4    -191.5
50.0000 -0.0026423500983443387   -1336.6    -192.0
51.0260 -0.002629854771199888   -1329.3    -190.7
52.0100 -0.0026175829154622444   -1322.2    -190.7
53.0070 -0.0026038811089526973   -1314.1    -190.5
53.9975 -0.0025921034030967965   -1307.3    -189.9
55.0245 -0.0025783265533694116   -1299.2    -188.0
56.0045 -0.0025660728229706417   -1292.0    -188.0
57.0205 -0.0025525695690168026   -1284.1    -186.6
57.9980 -0.0025402399348340102   -1276.9    -187.1
59.0220 -0.0025270070324890288   -1269.2    -185.4
60.0015 -0.0025146762915032863   -1262.0    -186.3
61.0255 -0.002501767349093152   -1254.4    -183.3
62.0080 -0.002489161468819763   -1247.1    -183.2
63.0075 -0.0024757524585647854   -1239.2    -181.9
64.0100 -0.002463631415783742   -1232.2    -181.0
65.0040 -0.002450213161014271   -1224.3    -180.4
66.0005 -0.002438105368210618   -1217.2    -178.9
67.0160 -0.002424040798053899   -1209.0    -178.7
68.0010 -0.0024119027924239317   -1201.9    -178.9
69.0230 -0.002397270374355075   -1193.4    -177.6
70.0075 -0.002385887351479187   -1186.7    -178.6
71.0045 -0.0023720841542070508   -1178.6    -177.6
72.0150 -0.0023590404905726127   -1171.0    -176.6
73.0205 -0.0023455199890856228   -1163.1    -175.6
74.0075 -0.002331709204950989   -1155.0    -175.4
75.0065 -0.0023195682005506804   -1147.9    -174.6
76.0165 -0.0023057916660488642   -1139.9    -173.7
77.0020 -0.0022928754828883623   -1132.3    -173.9
78.0285 -0.002279557229433221   -1124.5    -172.0
79.0100 -0.002266982276798244   -1117.2    -172.3
80.0065 -0.0022533462728434473   -1109.2    -172.0
81.0105 -0.0022401915088456656   -1101.5    -171.4
82.0065 -0.002225737912363534   -1093.1    -170.2
83.0165 -0.002213760545739847   -1086.1    -169.3
84.0025 -0.0022013381487731923   -1078.8    -169.3
85.0365 -0.0021867760339278302   -1070.3    -167.2
86.0175 -0.0021743943784856483   -1063.1    -166.6
86.9985 -0.0021615887301410616   -1055.6    -165.7
88.0375 -0.002146288739140933   -1046.6    -164.3
89.0195 -0.0021327102499514253   -1038.7    -163.9
90.0015 -0.0021201805388833678   -1031.4    -164.9
91.0245 -0.0021066226139897447   -1023.4    -164.5
92.0080 -0.002093874540010099   -1016.0    -164.2
92.9995 -0.0020809427597825057   -1008.4    -164.4
94.0380 -0.002066300264886078    -999.9    -162.1
95.0235 -0.0020540583258939833    -992.7    -161.1
96.0080 -0.0020396935458229463    -984.3    -161.1
97.0060 -0.002025721917580963    -976.1    -160.6
98.0105 -0.0020125877075497806    -968.5    -159.4
98.9965 -0.001999078764742133    -960.6    -159.9
100.0215 -0.0019850027073874577    -952.3    -158.4
101.0155 -0.001972504534542315    -945.0    -157.7
102.0030 -0.0019589730200899633    -937.1    -156.7
103.0245 -0.0019442682084727513    -928.5    -154.7
104.0130 -0.0019318440485016437    -921.3    -154.3
105.0040 -0.0019180816320333194    -913.2    -153.0
106.0335 -0.0019042781749774283    -905.1    -150.4
107.0160 -0.001890043401812303    -896.8    -150.0
108.0010 -0.001877072312669005    -889.2    -149.2
109.0210 -0.001862035483627995    -880.5    -147.6
110.0065 -0.0018493529361863943    -873.0    -149.0
111.0030 -0.0018355375641167298    -865.0    -149.5
112.0375 -0.0018217652474713034    -856.9    -147.5
113.0255 -0.001807929764992537    -848.8    -146.5
114.0145 -0.0017949270293843205    -841.2    -146.0
114.9975 -0.00178041158448602    -832.7    -146.7
116.0215 -0.0017664362635567347    -824.6    -144.2
117.0070 -0.0017531882271618333    -816.8    -143.6
118.0070 -0.0017393195078017677    -808.7    -142.9
119.0040 -0.0017253230962582793    -800.5    -142.9
120.0130 -0.001712144974846408    -792.8    -141.2
121.0035 -0.0016981544908173003    -784.6    -141.6
122.0340 -0.0016830129758163123    -775.8    -138.8
123.0175 -0.0016697125553897386    -768.0    -138.9
124.0005 -0.0016562757782215506    -760.2    -138.7
125.0185 -0.0016411067989947508    -751.3    -137.2
126.0005 -0.001627758670560751    -743.5    -137.4
127.0225 -0.0016139020306767842    -735.4    -135.4
128.0110 -0.001600599168691052    -727.6    -134.8
129.0050 -0.0015857142168733058    -718.9    -133.8
130.0275 -0.0015717953411227017    -710.8    -131.8
131.0175 -0.0015575707709360547    -702.5    -132.0
132.0065 -0.0015441942852985403    -694.6    -133.0
133.0025 -0.0015293971165363026    -686.0    -133.3
134.0325 -0.001514498032302148    -677.3    -130.8
135.0255 -0.0014999570886241197    -668.8    -130.4
136.0165 -0.0014863843898411699    -660.8    -130.7
137.0025 -0.0014726237791329146    -652.8    -131.1
138.0285 -0.0014583360179236367    -644.4    -128.8
139.0185 -0.0014436463095202489    -635.9    -128.6
140.0030 -0.001430077406038055    -627.9    -128.2
141.0270 -0.0014149327847162256    -619.1    -126.9
142.0115 -0.001400376643458053    -610.6    -126.9
143.0080 -0.0013864752768677545    -602.4    -126.3
144.0070 -0.0013723989264943961    -594.2    -125.7
145.0035 -0.0013579136275262782    -585.7    -124.9
146.0380 -0.0013432656413507088    -577.2    -122.6
147.0240 -0.0013294527401995614    -569.1    -122.2
148.0010 -0.001314889031526177    -560.6    -121.0
149.0180 -0.0012998886283166122    -551.8    -120.1
149.9990 -0.0012855190563001745    -543.4    -120.0
151.0250 -0.001271434795981357    -535.2    -117.3
152.0125 -0.0012568997435677522    -526.7    -117.1
153.0075 -0.0012423227836990396    -518.2    -117.0
154.0135 -0.001228434679379994    -510.0    -117.9
155.0010 -0.0012134446302552804    -501.3    -118.8
156.0290 -0.0011991070699272906    -492.9    -116.4
157.0225 -0.0011830683290429264    -483.5    -116.4
158.0060 -0.001169043194441912    -475.3    -116.4
159.0060 -0.00115426977985822    -466.7    -116.2
160.0100 -0.0011408667863159708    -458.9    -115.7
161.0025 -0.0011252664341157297    -449.7    -115.2
162.0120 -0.00111057510643177    -441.1    -113.4
163.0040 -0.0010961692058081948    -432.7    -113.5
164.0215 -0.001080745316861202    -423.7    -111.3
165.0070 -0.0010663642695819212    -415.3    -110.5
166.0075 -0.0010511160618336065    -406.4    -109.7
167.0010 -0.0010365562222718673    -397.9    -108.9
168.0210 -0.0010212783211142019    -388.9    -107.0
169.0045 -0.0010069825854897405    -380.6    -106.6
170.0155 -9.922964283427807E-4    -372.0    -104.9
171.0030 -9.77824216603115E-4    -363.5    -104.5
172.0160 -9.623372040005876E-4    -354.5    -103.2
173.0040 -9.479504126521067E-4    -346.1    -103.1
174.0185 -9.331602965671312E-4    -337.4    -100.9
175.0035 -9.177994329862562E-4    -328.4    -101.1
176.0065 -9.028865928039313E-4    -319.7    -100.3
176.9965 -8.883404124104883E-4    -311.2    -100.9
178.0260 -8.730094538132145E-4    -302.3     -99.9
179.0120 -8.581048525274652E-4    -293.5    -100.2
180.0025 -8.424727794831013E-4    -284.4    -100.4
181.0245 -8.274955877602074E-4    -275.7     -98.6
182.0080 -8.131974909644E-4    -267.3     -98.6
183.0060 -7.983604915355431E-4    -258.6     -98.3
184.0025 -7.829793977228229E-4    -249.6     -97.5
185.0185 -7.682205428895742E-4    -241.0     -96.1
186.0040 -7.527790626716265E-4    -232.0     -96.1
187.0205 -7.378757914514519E-4    -223.3     -94.3
188.0050 -7.224694480668049E-4    -214.3     -94.5
189.0150 -7.063625756531386E-4    -204.8     -93.0
190.0010 -6.917448135951228E-4    -196.3     -92.9
191.0150 -6.760086816651588E-4    -187.1     -91.3
192.0005 -6.615313732842282E-4    -178.6     -91.0
193.0205 -6.455094964005595E-4    -169.3     -89.1
194.0055 -6.309183422537304E-4    -160.7     -88.7
194.9965 -6.159290463696381E-4    -152.0     -88.5
196.0275 -5.9945299982989E-4    -142.3     -86.6
197.0100 -5.847457283481511E-4    -133.7     -86.4
198.0035 -5.691055168062787E-4    -124.6     -86.1
199.0280 -5.537856503482842E-4    -115.6     -85.1
200.0155 -5.388890064549432E-4    -106.9     -86.2
201.0005 -5.230540661190008E-4     -97.7     -86.6
202.0225 -5.076153487977948E-4     -88.7     -85.7
202.9975 -4.929689065446955E-4     -80.1     -86.0
204.0195 -4.763014322613444E-4     -70.3     -84.5
204.9970 -4.605128140578162E-4     -61.1     -85.0
206.0190 -4.455861709639771E-4     -52.4     -83.8
206.9965 -4.3053676234201625E-4     -43.6     -83.4
208.0170 -4.1425321582126863E-4     -34.1     -81.2
208.9955 -3.990820062508906E-4     -25.2     -81.1
210.0215 -3.8320761634278843E-4     -15.9     -79.7
211.0065 -3.683515231721119E-4      -7.2     -79.5
212.0065 -3.516017793534338E-4       2.6     -78.5
213.0355 -3.35898808185642E-4      11.7     -76.5
214.0190 -3.203404260539066E-4      20.8     -76.0
215.0005 -3.054312126801506E-4      29.5     -76.8
216.0220 -2.890179936867155E-4      39.1     -74.5
217.0075 -2.734725182710979E-4      48.2     -74.4
218.0090 -2.5710022188889627E-4      57.8     -74.1
219.0040 -2.4156754436283417E-4      66.9     -74.0
220.0225 -2.2659575653095218E-4      75.6     -72.1
221.0130 -2.0985982944737912E-4      85.4     -71.9
222.0065 -1.9372197135849513E-4      94.9     -72.1
222.9980 -1.7724153300867365E-4     104.5     -72.4
224.0170 -1.6199083740299768E-4     113.4     -72.3
225.0020 -1.4636346612885093E-4     122.5     -71.6
226.0115 -1.307278440351464E-4     131.7     -69.9
227.0025 -1.1471785705740879E-4     141.0     -69.4
228.0300 -9.865424432353977E-5     150.4     -67.1
229.0070 -8.156617129298667E-5     160.4     -66.2
230.0030 -6.701369474179447E-5     168.9     -66.2
231.0180 -5.0872762384266174E-5     178.4     -64.3
232.0055 -3.552760045781441E-5     187.3     -64.0
233.0065 -1.926489454991609E-5     196.8     -62.9
234.0000 -2.632111005402806E-6     206.6     -62.2
235.0155 1.3161203119288668E-5     215.8     -60.5
236.0025 2.9471113000572698E-5     225.3     -60.1
237.0050 4.518696342458684E-5     234.5     -59.9
238.0150 6.204068321294027E-5     244.4     -57.7
239.0070 7.880920110193259E-5     254.2     -57.2
240.0065 9.419601583604336E-5     263.2     -57.4
241.0275 1.1066001904285353E-4     272.8     -55.3
242.0110 1.266020874254147E-4     282.1     -55.6
243.0025 1.4221494522744332E-4     291.2     -55.4
244.0230 1.6050523126607513E-4     301.9     -54.8
245.0075 1.753113692096311E-4     310.6     -54.9
246.0080 1.910728364252832E-4     319.8     -55.2
246.9965 2.0870869401124582E-4     330.1     -54.4
248.0250 2.2412628392861863E-4     339.1     -52.7
249.0090 2.3988739674853652E-4     348.3     -52.9
250.0055 2.5663583093933363E-4     358.1     -53.7
251.0230 2.736167653811337E-4     368.1     -50.3
252.0040 2.8957524184930125E-4     377.4     -50.4
253.0080 3.065648222834039E-4     387.3     -49.6
254.0060 3.229527301125922E-4     396.9     -48.8
255.0035 3.390732448902394E-4     406.3     -47.8
256.0210 3.559566904343315E-4     416.2     -45.6
257.0050 3.7291071854791334E-4     426.1     -45.7
258.0165 3.876799665453291E-4     434.7     -44.7
259.0050 4.0504335113492024E-4     444.9     -44.9
260.0195 4.2171433667567715E-4     454.6     -42.7
261.0055 4.3827263069114066E-4     464.3     -43.0
262.0185 4.5523994883216553E-4     474.2     -42.0
262.9980 4.7129874958585035E-4     483.6     -41.7
264.0190 4.885270040155662E-4     493.7     -41.2
265.0015 5.04043025086742E-4     502.8     -42.4
266.0180 5.214402804513245E-4     512.9     -41.5
266.9990 5.376108774932995E-4     522.4     -41.9
268.0270 5.545065015257838E-4     532.3     -40.2
269.0170 5.716729520221742E-4     542.3     -39.1
269.9990 5.879925946209413E-4     551.8     -39.1
271.0280 6.048562157331744E-4     561.7     -37.3
272.0180 6.20715267264255E-4     571.0     -36.9
272.9970 6.378762338008014E-4     581.0     -36.8
274.0300 6.55935540844313E-4     591.6     -34.6
275.0170 6.724780594771575E-4     601.2     -34.7
275.9980 6.887109063257687E-4     610.7     -34.4
277.0275 7.054922187191054E-4     620.5     -32.3
278.0110 7.225681528362448E-4     630.5     -32.5
279.0055 7.38904691169488E-4     640.1     -32.2
280.0355 7.567684386101149E-4     650.5     -30.2
281.0155 7.731403824058787E-4     660.1     -30.4
282.0035 7.893714063931672E-4     669.6     -30.4
283.0005 8.061624872039162E-4     679.4     -29.9
284.0075 8.236226629941709E-4     689.6     -27.8
284.9970 8.408247799939267E-4     699.6     -27.8
286.0225 8.58021337539726E-4     709.7     -25.7
287.0080 8.754049274876955E-4     719.9     -25.3
288.0060 8.917814745839526E-4     729.4     -25.9
288.9975 9.085359991600751E-4     739.2     -25.5
290.0160 9.263522922696242E-4     749.6     -24.1
291.0045 9.434677482487114E-4     759.7     -24.0
292.0165 9.600896382151551E-4     769.4     -22.2
293.0035 9.779962912451628E-4     779.8     -22.5
294.0140 9.95283328383982E-4     789.9     -21.2
295.0030 0.0010123450066572923     799.9     -21.2
296.0130 0.0010294185501278318     809.9     -19.5
297.0060 0.0010473844375246235     820.4     -19.1
297.9965 0.001063636868370263     829.9     -18.4
299.0165 0.0010819954530242597     840.6     -16.4
300.0035 0.001099244357661548     850.7     -16.4
301.0045 0.0011165698736747016     860.8     -16.4
302.0090 0.0011343697938973251     871.3     -14.8
302.9980 0.001151226291083444     881.1     -14.6
304.0130 0.001169208409942185     891.6     -13.1
304.9980 0.0011858470266369275     901.3     -12.7
306.0135 0.001203501138363996     911.7     -11.3
307.0020 0.001220761977489728     921.8     -10.9
308.0075 0.0012387595321687289     932.3      -9.6
308.9985 0.001256095618093361     942.4      -9.9
310.0130 0.0012730740677960658     952.3     -10.7
311.0040 0.0012904927206573984     962.5     -10.9
312.0110 0.0013091688260526927     973.4      -8.8
313.0085 0.0013268217719362035     983.8      -8.7
313.9965 0.0013437462405042483     993.7      -9.0
315.0225 0.0013621922721379369    1004.4      -6.8
316.0095 0.0013791054644433154    1014.3      -6.0
317.0040 0.001397056957650751    1024.8      -6.5
318.0190 0.0014155004204352646    1035.6      -5.1
319.0020 0.0014323403495936906    1045.4      -5.5
320.0105 0.0014504960150746094    1056.1      -3.4
320.9970 0.0014674780799042281    1066.0      -3.6
322.0175 0.001485774677715234    1076.7      -1.9
323.0015 0.001503429319224757    1087.0      -2.7
324.0080 0.0015212889739239098    1097.4      -1.5
324.9985 0.0015390608219599223    1107.8      -1.1
326.0140 0.0015570252595374806    1118.3       0.2
327.0020 0.0015743887792579504    1128.5       0.1
328.0160 0.001593146335387462    1139.5       1.9
