27.996 -0.0
29.0015 -4.372696765704044e-07
30.0025 1.2281399309428676e-05
31.005 1.3330481985204985e-05
31.9955 2.747223727482366e-05
32.9985 2.8982608718324324e-05
34.0025 4.3310754278359787e-05
34.998 4.581246847165828e-05
35.996 6.0854566674324595e-05
37.003 6.361047098234901e-05
37.998 7.867134833021774e-05
39.0035 8.139579870004854e-05
39.996 9.659951162637945e-05
41.0015 9.974607268619859e-05
42.001 0.0001152904007509295
43.002 0.00011878983688752912
44.0105 0.00013483345175897138
45.0085 0.00013775509914353
46.0145 0.00015278644933434254
47.0 0.00015554672545416148
47.996 0.00017104637300794506
49.0025 0.00017384438454432632
50.004 0.0001890891334323727
51.0 0.00019174777332946896
51.9965 0.00020703741732726322
52.9975 0.00020944636765194563
54.0045 0.0002242255245969299
55.0135 0.00022633169599611813
55.9985 0.00024106677266651916
56.9985 0.00024352323799869957
58.0175 0.0002588833909842672
59.002 0.0002604693995798685
59.999 0.00027473792816042064
61.017 0.0002758544130789173
62.0 0.0002894165545495875
62.993 0.0002900315449089613
64.001 0.0003031269122905078
65.0035 0.0003034544060539074
66.02 0.0003164069067878861
66.997 0.0003163420807805045
67.999 0.00032943055262789345
69.0175 0.0003290631900811358
69.9955 0.00034145903269094946
71.0025 0.0003408988516164363
72.015 0.0003532069333104654
73.0025 0.0003521992755824016
73.994 0.0003641433877719785
75.024 0.00036286983069171164
76.0165 0.0003744641507686802
77.002 0.0003736722038637508
78.0145 0.0003856343708563553
79.0025 0.000383735346445771
80.022 0.00039492508101021673
81.0105 0.0003930833086604052
82.009 0.00040435582692617544
83.0025 0.0004018524654670619
84.029 0.0004127238725597504
85.027 0.00041030835001627797
86.0205 0.0004206943256510054
87.0125 0.0004183056590318507
88.001 0.0004287397980372726
89.004 0.0004258560184953325
90.029 0.0004362591159945417
91.0255 0.00043295941475207655
92.0225 0.00044290647359193636
93.009 0.00043948440258900767
94.0125 0.00044896391651363943
94.996 0.0004459119536223688
96.028 0.0004561428804235462
97.0165 0.00045211973066693056
98.0015 0.0004615159370074673
99.0255 0.0004579795308500695
100.022 0.0004678287333080705
101.013 0.0004640229064418605
102.0105 0.0004735794848887698
102.9955 0.0004690782578958136
104.0295 0.00047796153477373815
105.021 0.00047358002153204126
106.0095 0.0004826104566007794
107.006 0.0004776614876464691
108.017 0.000486182088158843
109.011 0.00048131464340647745
109.998 0.0004898752822683761
111.005 0.000484511939317922
112.0265 0.0004928769740079331
113.028 0.0004874112443397638
114.022 0.0004955084200361226
115.0105 0.0004905278926030932
116.006 0.0004985166355484238
117.023 0.0004926232528090213
118.004 0.0005005934487375407
119.029 0.0004949857176722305
120.024 0.0005027520158973064
121.0115 0.0004966335122480181
122.0085 0.0005039852016304192
123.0095 0.0004977915805796373
124.018 0.0005053739164615489
125.0085 0.0004995455587991915
126.0105 0.0005071992089734356
126.9975 0.0004998449067782074
127.9975 0.0005067075231829643
129.025 0.0005003293029822442
130.02 0.0005078322307239813
131.001 0.0005009809565436063
132.0295 0.0005078675941336819
133.017 0.0005012402763998891
133.9995 0.0005086923579342706
135.0275 0.0005015534587476944
136.027 0.0005082538392517655
137.017 0.0005011195786722156
138.0025 0.000507898843848692
139.0125 0.0005008567723593926
139.9995 0.0005077316644560848
141.027 0.000500030140607316
142.016 0.0005068295747493179
142.995 0.0005002360376927528
144.031 0.0005074182072323796
145.0165 0.0004999033325991664
146.004 0.0005065594314687671
147.02 0.0004996349293380498
148.007 0.0005066709080026599
149.008 0.0004988512129127654
150.0075 0.0005050517711453206
151.0165 0.000497613346257253
151.996 0.0005045375640206073
153.0305 0.0004968833313092336
154.025 0.0005033530066794745
155.024 0.0004959544282006623
156.024 0.0005028826043458057
157.0095 0.0004952289446542302
158.011 0.0005019670124745412
158.998 0.0004943021850693785
160.0015 0.0005009612087603088
161.0215 0.0004938102248858989
162.0165 0.0005010021343261895
162.9995 0.0004931728299876481
164.032 0.0005002613064646333
165.027 0.000492948982939001
166.018 0.0005001652645364452
167.007 0.0004929967154617687
168.0025 0.0005003960917916994
169.033 0.0004932058536413764
170.026 0.000500180759836738
171.0255 0.0004921464289642796
172.0225 0.0004983899024959826
173.0085 0.0004903982128185713
174.0055 0.0004976036766149716
175.022 0.0004902849532973097
176.0105 0.0004973376557685649
177.003 0.0004898022414563385
177.998 0.0004966609648368592
179.0245 0.0004887832558371497
180.022 0.0004957213521702974
181.0135 0.0004882274068497561
182.006 0.0004952137699887615
183.023 0.00048772797867494
184.0075 0.0004951960900215768
185.009 0.0004876460368473112
186.01 0.0004949379160758827
187.017 0.0004872403549231741
188.002 0.0004944421873885885
188.999 0.0004869404832633095
190.0225 0.000494263558228375
191.0045 0.0004859982741628188
191.998 0.000493056532020586
193.023 0.0004849997433154507
194.0065 0.0004918323725488227
194.9975 0.00048390972515807706
196.003 0.0004910566676190609
197.0275 0.00048307067914574175
198.0245 0.0004905528631905798
199.0165 0.0004827947348975403
200.0135 0.0004902614735653454
201.0025 0.0004826310301168646
202.0215 0.0004898566194893039
203.006 0.00048195870364492466
204.011 0.0004894883245885884
204.9975 0.0004816997915070287
206.022 0.0004892438808687116
207.0105 0.00048122633573949303
208.0065 0.0004884029587183536
209.0085 0.00048063373292162037
210.006 0.00048794826303508176
211.014 0.0004797305361942672
212.0085 0.0004866454585187585
213.0105 0.00047817582835818495
213.9955 0.00048546349915642995
215.023 0.00047774469002956343
216.011 0.00048489410709998126
217.003 0.0004767142241566269
217.9995 0.0004839845534897469
219.0235 0.00047596309380826263
220.012 0.0004835421441764798
221.0025 0.0004760873805881305
222.004 0.00048452313655916734
223.0265 0.00047721912779100095
224.028 0.00048568554722741575
225.025 0.00047793186488123696
226.016 0.00048546445625846646
227.01 0.00047798061445561424
228.012 0.00048550531439767175
229.0115 0.00047810874876397236
230.001 0.0004862576667899188
231.024 0.000478770471704415
232.023 0.0004867094618236367
233.0125 0.0004787870964931551
233.997 0.0004865812498017208
235.025 0.00047923407172284493
236.0245 0.0004873987450040307
237.02 0.00047914967185785917
238.0065 0.00048716402902135303
239.0065 0.0004795798844271226
240.008 0.0004880078763630502
241.008 0.0004804969997743713
242.0155 0.0004886403889555191
243.001 0.0004807817779642898
244.0295 0.0004885648806005061
245.0245 0.0004806771934132703
246.0105 0.0004889429725380978
247.007 0.00048101149992971215
248.011 0.0004888310881225877
249.0045 0.0004806183174123624
250.019 0.0004881871384004588
251.0295 0.0004790799987519634
252.023 0.0004865947266309567
253.0055 0.00047836396490075206
253.996 0.0004861838521677264
255.022 0.0004777960487636068
256.018 0.00048528675897334395
257.0035 0.0004762655641307456
258.0175 0.0004832902012022189
259.022 0.00047427637798390376
260.013 0.0004817467168552608
261.0015 0.0004728159011895272
262.0195 0.00047975624841825604
263.013 0.00047016265554418457
263.999 0.00047662569677558997
265.0105 0.00046643875531506007
266.0195 0.000472871108171638
267.0045 0.00046342386452100093
268.025 0.0004701872974279264
269.009 0.0004595316382690201
270.0075 0.00046499693855414637
271.006 0.0004545660377383298
271.995 0.0004600735048768678
273.002 0.00044906235359194746
274.0155 0.0004546929954536011
275.007 0.00044352818457220333
276.006 0.00044911313518562757
277.0055 0.0004369161100936797
278.002 0.0004409574274764766
279.0 0.00042901352323281017
280.013 0.0004334546500248254
280.999 0.0004202301527614499
282.021 0.00042388226983472443
283.0155 0.0004111511266904344
283.9975 0.00041497840043440426
285.0165 0.0004008924514283113
286.0195 0.00040330859941470343
287.003 0.00039007741042990096
288.024 0.00039391634405937237
289.0225 0.00037959367212311856
290.011 0.0003823746278957818
291.0045 0.0003673046657197976
292.0135 0.0003689741798491991
293.02 0.00035354364988914033
294.01 0.0003553000729526745
295.007 0.00034002328717562535
296.005 0.0003415125038930822
297.0245 0.00032551943201900024
298.0165 0.0003264508646829839
299.0055 0.0003101101491470165
299.998 0.0003110338173857863
301.0295 0.0002950330727932507
302.02 0.0002958742182256058
303.0075 0.0002787709851020115
304.013 0.0002789673644065932
304.998 0.00026152553989189364
306.0335 0.00026149515667336226
307.025 0.0002431234308648625
308.014 0.00024235148986050808
308.9985 0.0002239014132240577
310.0295 0.00022287681928982728
311.0245 0.00020396217672821737
312.0175 0.00020283253581811211
312.9975 0.00018300296020913598
314.0325 0.0001807149313799404
315.023 0.00016128678877986788
316.013 0.00015903748799275114
316.997 0.00013870924620236133
318.0315 0.00013583090275935336
319.019 0.00011491413447902929
320.008 0.00011141808053597227
321.0085 8.950840523644019e-05
321.9975 8.528134242331668e-05
323.0175 6.299609272829299e-05
324.008 5.785823006051495e-05
325.0055 3.493119967417496e-05
326.032 2.9348580668654006e-05
327.0215 5.740169263036485e-06
328.0055 -0.0
