27.9985 0.0
29.002 -0.0009872290118757344
29.9955 -0.00196639118788328
31.003 -0.0029373245309303477
32.0035 -0.0038996406549804113
33.0035 -0.004854654692514433
33.997 -0.005801362460625191
35.0025 -0.00674013826552773
36.0005 -0.007671999531419804
37.0 -0.008595006164799312
37.9995 -0.009510390977235142
39.003 -0.010418141012054476
40.0035 -0.01131710174850632
40.9995 -0.012208902937209238
42.0025 -0.013091815360833812
42.9995 -0.01396842331055167
44.0 -0.014837195134730918
44.998 -0.015698251643705523
46.01 -0.016552181222236326
47.0125 -0.017397880970732048
48.005 -0.0182365574684687
48.9955 -0.019067309093588152
50.0025 -0.019891656168833042
51.0085 -0.020708145650280937
52.003 -0.021517749075402954
53.0025 -0.0223188732154526
54.0005 -0.023112800113056896
55.0015 -0.02389943488247454
56.0175 -0.024679744159368792
56.9965 -0.025451606992110475
57.9965 -0.02621626213826723
59.013 -0.026974294004455907
60.0105 -0.027723748367261835
61.009 -0.02846661807592475
62.0165 -0.029201986077024334
62.999 -0.02993133688185758
64.0035 -0.030652220873200915
65.022 -0.03136670855137863
66.002 -0.032073736752177985
67.0235 -0.032774333562543445
68.018 -0.03346769795172828
69.007 -0.03415291730672032
70.008 -0.03483161891280222
71.0085 -0.03550373091879289
72.008 -0.036168768527303406
73.007 -0.03682643571786882
74.015 -0.037476610403166244
74.9985 -0.038119075005304565
76.0015 -0.03875600066746826
77.024 -0.0393854285739149
78.0165 -0.04000791661473286
79.0025 -0.04062106888536938
80.0215 -0.041229211048223205
81.026 -0.041830744672241314
82.0245 -0.0424241845289548
83.018 -0.04301091758965748
84.003 -0.043591800687198666
85.0265 -0.044165238795663406
86.025 -0.04473142708771163
87.018 -0.04529107133178075
87.997 -0.04584389635121282
89.029 -0.04638939151931538
90.021 -0.04692820541503378
91.0095 -0.04746007706593492
92.018 -0.04798443569125927
93.008 -0.048502032826403196
94.01 -0.049011885791505276
95.0075 -0.0495161091605503
96.011 -0.0500143757034866
96.9985 -0.05050509369768023
98.029 -0.05098917600066232
99.023 -0.05146595030134795
100.012 -0.05193644160581554
100.9965 -0.05239953014310544
102.0155 -0.05285638463367174
103.0255 -0.05330716730777714
104.0185 -0.05375088073629941
105.007 -0.05418802940685021
106.007 -0.05461815841267583
107.018 -0.055041486210621424
107.9965 -0.055458452374863375
109.018 -0.05586865996618466
110.0295 -0.056272200977734756
111.019 -0.05666937886781128
111.998 -0.05705891771341308
113.028 -0.0574422913261504
114.032 -0.0578183309582717
115.0345 -0.05818799287323874
116.0265 -0.05855042650090236
117.019 -0.05890632619153535
117.9965 -0.059256240462447464
119.01 -0.059599665727323434
120.034 -0.05993736513991562
121.029 -0.06026848894214755
122.0205 -0.06059201867777654
123.0015 -0.060909325450649206
124.031 -0.0612191540757616
125.0275 -0.061522429448593374
126.017 -0.06182031820105746
127.0015 -0.06211275835352931
128.028 -0.06239740034403882
129.028 -0.06267485194848335
130.022 -0.0629461919297085
131.018 -0.06321123782176784
131.996 -0.06346954680858842
133.0305 -0.06372141204078421
134.024 -0.06396686558641397
135.0105 -0.06420601440220076
136.0025 -0.06443904130113998
137.034 -0.06466571362180965
138.022 -0.06488554487419598
139.012 -0.06509861400712383
140.0005 -0.06530500603997991
141.029 -0.06550530635069693
142.024 -0.06569890648567514
143.0125 -0.0658871168441939
143.999 -0.06606883873840028
145.0165 -0.06624350649223376
146.006 -0.06641213059678813
147.005 -0.06657509097099594
148.003 -0.06673084510463098
149.029 -0.06688003122559022
150.022 -0.06702368106958656
151.012 -0.0671608603336921
151.9985 -0.06729142544751672
153.0045 -0.067416891290988
154.03 -0.06753485640631114
155.0205 -0.06764654672513705
156.009 -0.06775183392223155
157.0135 -0.06785166976722555
158.0045 -0.06794549590480353
159.0205 -0.06803257247287318
160.029 -0.06811310874697749
161.033 -0.06818640795995981
162.0325 -0.06825422089130175
163.0265 -0.06831541968253685
164.0205 -0.06837078392928463
165.0025 -0.0684199271602722
166.0315 -0.06846216941222834
167.0315 -0.06849864181765082
168.03 -0.06852947430413331
169.0245 -0.06855420311915476
170.0115 -0.0685728291647124
171.0075 -0.06858518617288867
172.0105 -0.06859108605799638
173.019 -0.06859112318870653
174.007 -0.06858527331018555
175.023 -0.06857294793303073
176.0055 -0.06855385796126322
176.995 -0.06852884741667782
178.03 -0.0684981175134659
179.0245 -0.06846132973829122
180.0165 -0.06841881818310598
180.9965 -0.0683703638079417
181.9985 -0.06831605320327716
183.032 -0.06825535198546734
184.02 -0.06818831023219311
185.0055 -0.06811520561356739
185.998 -0.0680364743828878
187.003 -0.06795170833113968
188.0195 -0.06786086796734092
189.0065 -0.06776489782991285
190.003 -0.06766270513609407
191.023 -0.06755427526016251
192.017 -0.06743908769218715
193.007 -0.06731864718214949
194.012 -0.06719178053711171
194.9955 -0.06705913681664755
196.028 -0.06692077876179514
197.023 -0.06677689468197916
198.017 -0.06662597135696598
198.998 -0.06646997587006678
200.025 -0.06630814105330932
201.026 -0.06614052544415988
202.0275 -0.06596659514778115
203.0275 -0.06578758860875374
204.03 -0.06560230133460265
205.0255 -0.06541092148196767
206.0165 -0.06521338113496215
207.0025 -0.0650107435315789
208.024 -0.06480311366194155
209.0165 -0.06458904672223877
210.007 -0.06436917450993977
211.019 -0.06414317286246397
212.012 -0.0639118080046821
212.9985 -0.06367395998147772
214.0235 -0.06343064825270127
215.0145 -0.06318199859058908
215.9995 -0.06292743519998187
217.0045 -0.06266791080363562
218.026 -0.06240174240223938
219.021 -0.06212955429824481
220.0045 -0.06185161180680642
221.021 -0.06156801800571346
222.0165 -0.061278570864147834
223.002 -0.060983610286240164
224.0285 -0.06068300743128301
225.027 -0.060376566887829435
226.0225 -0.06006453801500109
227.0095 -0.05974662673763665
228.005 -0.05942268621071685
229.0005 -0.059092512708955935
230.0295 -0.05875762512893314
231.023 -0.05841704792907564
232.003 -0.05807022738307996
233.028 -0.05771832951898015
234.023 -0.05736049819916247
235.013 -0.05699712697645624
236.008 -0.056627660406254575
237.008 -0.05625393763481349
238.004 -0.055874611493371015
238.9955 -0.055489981544928686
240.0285 -0.05509958635969576
241.017 -0.054703077321821836
242.005 -0.054300795236771365
243.0305 -0.053893052216016805
244.0235 -0.05347976340034824
245.0035 -0.05306095300820404
246.0265 -0.052636787292598526
247.019 -0.0522075903685692
247.9985 -0.051773502790649024
249.0295 -0.05133332127764969
250.0245 -0.050887024098098727
251.0235 -0.050436157408009046
252.0095 -0.04997891035701982
253.0085 -0.049515597389916254
253.9955 -0.049047919195247
255.029 -0.048574492803505
256.023 -0.048095946840952315
257.01 -0.04761191718859319
258.013 -0.04712288088515666
259.0015 -0.046628463126112026
260.025 -0.04612867736581704
261.024 -0.04562417736805675
262.0245 -0.0451126689278396
263.0165 -0.044596599060064517
264.0065 -0.044075009891022
265.006 -0.04354861523203882
266.0085 -0.04301684004268089
266.997 -0.04247879750815747
268.0025 -0.04193657896467724
269.0195 -0.04138916013928944
270.008 -0.040836400202508054
271.004 -0.04027803252414953
272.004 -0.039713752951905844
273.014 -0.03914442346570292
273.9975 -0.038570542671092695
275.005 -0.037990661885021836
276.012 -0.037405793573460924
277.0035 -0.036816082432667034
278.01 -0.03622138147316592
279.0155 -0.03562034644890408
280.0025 -0.035014598484448795
281.017 -0.03440317150911849
282.013 -0.033787457660386905
283.0 -0.03316572392104607
284.0015 -0.03253888497878894
285.016 -0.03190730061272163
285.997 -0.031270984123297464
287.0115 -0.030629049330461622
288.013 -0.02998246964203045
289.0075 -0.029330073621468084
290.0065 -0.02867291991054484
291.015 -0.028010884126459877
292.0015 -0.027343921223623852
293.027 -0.02667129814073563
294.0225 -0.025993903923893447
295.0125 -0.025311267002635893
295.9975 -0.02462339265711932
297.0135 -0.023930962203130988
298.0295 -0.02323368595571378
299.016 -0.022531010096540568
299.998 -0.021823688160379596
301.028 -0.021111177624094212
302.0185 -0.020392618956797136
303.004 -0.01966933390606103
304.029 -0.018941781710039327
305.0235 -0.018208559667534277
306.017 -0.017470104282392294
306.9985 -0.016727643700069104
308.036 -0.015980248216888638
309.033 -0.015227504919039599
310.0255 -0.014470096406400058
311.0135 -0.01370750020747411
312.002 -0.012940358586227666
313.013 -0.012168104891414427
314.004 -0.011390970810664902
315.008 -0.010609457852175402
316.001 -0.009822678574592021
317.035 -0.009030672681178653
318.0215 -0.008233428801810003
319.0105 -0.007431780960270301
319.9975 -0.006625327521358632
321.0235 -0.005814334578399364
322.0135 -0.004997990594495435
322.9995 -0.004177428704147858
324.034 -0.0033518420343907206
325.028 -0.0025209163699384286
326.024 -0.0016860025224528115
327.0195 -0.0008454555313803949
328.0135 0.0
