28.024 0.0
29.0005 -0.0020835788083116255
30.0115 -0.004154139094274743
31.011 -0.006210585056219335
32.002 -0.008255224502326325
33.004 -0.010286490375894016
34.0155 -0.012305479695151878
35.002 -0.01431056862925608
35.997 -0.016304340662464122
37.015 -0.018284848469858894
38.0035 -0.0202521857121423
39.0115 -0.022206571840386016
40.013 -0.024148725082851607
41.004 -0.02607765959101638
42.0025 -0.027994431139994055
43.0115 -0.029898459101042756
44.006 -0.03178907275830027
45.017 -0.033667179755989235
45.9995 -0.03553355044976915
47.0035 -0.03738744040959906
48.019 -0.03922822883525146
49.003 -0.041056855776900505
50.019 -0.04287260870253715
51.02 -0.044675262168160416
52.0075 -0.046466176066410805
53.005 -0.04824278934909822
54.032 -0.050006836103026524
55.023 -0.05175938114536118
56.008 -0.05349948236889143
57.0015 -0.0552265644076352
58.0225 -0.056940595554056804
59.011 -0.0586426833206592
59.996 -0.060331367628154824
61.0305 -0.062008068723935265
62.017 -0.06367092238029866
62.997 -0.06532215327996219
64.023 -0.06696042344028262
65.0085 -0.06858628516269036
66.0055 -0.07019980914284084
67.0075 -0.07179999196475738
68.0225 -0.07338780236233441
69.007 -0.07496284716728273
70.0025 -0.07652495754938955
71.0285 -0.07807357451825896
72.0115 -0.07960839422487308
73.006 -0.08113154110012598
74.0265 -0.08264108697768231
75.018 -0.08413858365456409
76.0015 -0.08562278851379063
77.02 -0.087094174123572
78.001 -0.08855304504769534
79.028 -0.0899990194732735
80.011 -0.09143187628520072
81.0005 -0.09285117980165589
82.0335 -0.09425730610529989
83.019 -0.09565119825182261
84.0025 -0.09703184861175052
85.0135 -0.09839932913653585
85.996 -0.09975326593364761
87.023 -0.10109448417265952
88.0015 -0.10242225756673123
89.0235 -0.1037365437564837
90.006 -0.1050379890211774
91.0035 -0.10632604210848087
92.036 -0.1076013904366435
93.021 -0.10886433506114598
94.0055 -0.11011357518754952
94.9955 -0.11135034880560374
96.0335 -0.1125733485651115
97.02 -0.11378300240504055
98.0035 -0.11497960431874542
99.0285 -0.11616196555858596
100.0145 -0.1173310499613243
101.0 -0.11848734172991869
102.0425 -0.11963061805886029
103.028 -0.12076058658687966
104.0175 -0.12187740455111408
104.9975 -0.1229798171334333
106.0265 -0.12406896452556392
107.015 -0.12514413649664058
108.0015 -0.12620764319665811
109.0375 -0.12725708865336108
110.021 -0.12829269972903729
111.006 -0.12931505275683036
112.006 -0.13032352304673114
113.0125 -0.13131952041517683
113.996 -0.132301246362794
115.027 -0.13326948112757966
116.006 -0.13422443760303496
116.9955 -0.13516588398978335
118.0205 -0.13609350953773494
118.999 -0.137008102695479
120.011 -0.13790840689076514
121.004 -0.1387953019688295
122.03 -0.1396691457666039
123.016 -0.1405291312871062
123.999 -0.1413751636848071
125.0205 -0.1422069631243601
126.0055 -0.14302589122708712
127.0025 -0.1438307458676231
128.0365 -0.144621518099882
129.0255 -0.14539839091575538
130.0165 -0.1461611213090165
131.0015 -0.14691034812143952
132.007 -0.1476461757391611
133.005 -0.14836797025067655
134.035 -0.14907561545413822
135.022 -0.14976945529877342
136.0095 -0.1504496280683976
137.0035 -0.15111535010758784
138.012 -0.15176672733710297
139.0105 -0.1524049316417631
140.0025 -0.15302925642671217
141.0335 -0.15363830176411963
142.018 -0.15423334784765308
143.0045 -0.15481432260707378
144.009 -0.15538160138209842
145.0035 -0.15593446628676927
146.023 -0.15647275519535303
147.008 -0.15699802138177385
148.006 -0.1575083903442486
149.01 -0.1580044227952545
149.997 -0.1584868431578787
151.0325 -0.1589548925669752
152.024 -0.15940883921976337
153.012 -0.1598485344402383
154.0065 -0.1602740659232646
155.0015 -0.1606850131854268
156.0225 -0.161081838125374
157.001 -0.16146392507768087
158.0235 -0.16183191863281055
159.006 -0.16218507881248223
160.0035 -0.162524882002179
161.0385 -0.16284885208079197
162.0265 -0.1631585280079227
163.016 -0.16345348781934696
164.0 -0.16373473387763063
165.0385 -0.1640010706769014
166.0295 -0.16425329410861222
167.0185 -0.16449090623885873
167.997 -0.16471297191620157
169.0315 -0.16492086416758753
170.0165 -0.1651154563196141
170.996 -0.16529549747185754
172.03 -0.16546029661405576
173.0145 -0.1656106250924016
173.9965 -0.16574601907886471
175.0285 -0.1658655758880546
176.0155 -0.1659720505830463
177.0005 -0.1660639867427893
178.0 -0.16614060759557395
179.006 -0.16620227775600693
179.995 -0.1662494558664037
181.0215 -0.16628051685721995
182.006 -0.16629693447865362
183.0075 -0.16629860952715686
183.9975 -0.1662858412239495
185.0175 -0.1662579301998467
186.0045 -0.1662160755713804
187.0155 -0.16615884764333994
188.0025 -0.16608764105778884
189.026 -0.16600076349527346
190.0155 -0.16589826130720367
190.998 -0.16578155709554956
192.0185 -0.16564995647537756
193.0085 -0.16550354379881033
194.0055 -0.16534212236124857
195.003 -0.16516483643117344
196.02 -0.16497267026353044
197.0025 -0.1647662520923834
198.0095 -0.16454475390639692
199.0055 -0.16430770316642293
200.0255 -0.16405587373968772
201.0085 -0.16378816621983464
202.0015 -0.16350639508252982
203.0295 -0.1632089456117657
204.013 -0.16289554150578778
205.0015 -0.16256731258205423
206.013 -0.1622238073763311
206.9965 -0.16186584735162077
208.0155 -0.16149183629679809
209.003 -0.16110342531465846
210.0205 -0.1606985162832672
211.007 -0.16027919074039484
212.0075 -0.159844337926591
212.998 -0.15939405363570222
214.017 -0.15892782493014015
215.007 -0.15844661224323173
216.008 -0.15794979027629855
217.0005 -0.15743750474003335
218.0195 -0.1569087115773685
219.0005 -0.15636524201052046
220.029 -0.1558064433373775
221.008 -0.15523197610171036
222.0065 -0.15464112084442871
223.007 -0.15403488656522915
224.008 -0.1534128899628356
225.0025 -0.15277576855019226
226.0185 -0.15212259505895534
226.997 -0.15145308920767397
228.02 -0.1507685615793202
229.0025 -0.15006914455656997
230.019 -0.1493534402117123
231.0005 -0.14862181351666645
232.0155 -0.14787438950408932
233.0015 -0.14711140860391947
234.021 -0.14633310403307576
235.006 -0.14553845692101572
235.996 -0.14472883437634118
237.0255 -0.14390239433777924
238.02 -0.14306028055698022
239.0175 -0.1422016728102652
240.0075 -0.1413278980683362
240.9955 -0.14043780920411145
242.022 -0.13953107682573784
243.0065 -0.13860906009656448
244.006 -0.1376704860341457
244.998 -0.1367167558925243
246.012 -0.13574682274186467
246.999 -0.13476076081387464
248.013 -0.13375900260294407
249.0 -0.13274074213710488
250.0155 -0.1317068512383812
251.0045 -0.13065658338652342
252.0115 -0.12958996152822558
252.9955 -0.12850768250362926
254.0155 -0.1274087817191182
254.9975 -0.1262939685180789
256.0205 -0.12516218494921294
257.006 -0.12401497792845832
258.0055 -0.12285220713521201
259.026 -0.12167281779561828
260.015 -0.12047593716786476
261.0035 -0.1192632241286607
262.0285 -0.11803514700111134
263.013 -0.11679094812761968
263.996 -0.11552997308232814
265.0215 -0.11425223577903473
266.0055 -0.11295851547293943
267.014 -0.11164823954670604
267.9965 -0.11032201705255723
269.0195 -0.1089790107989655
270.0015 -0.10761973053211751
271.0185 -0.106243244161424
272.0065 -0.10485042940460296
272.9965 -0.10344174608588161
274.026 -0.10201580819288224
275.011 -0.10057420740519765
276.004 -0.09911634990163093
277.0325 -0.09764096613076613
278.0145 -0.09614930585293592
279.0 -0.09464157386864516
280.025 -0.09311768652384349
281.0095 -0.09157638605117598
282.007 -0.09001807452767069
283.0005 -0.08844431771096074
284.0185 -0.08685368728370359
285.003 -0.08524586155808891
286.025 -0.0836211557768581
287.011 -0.08197970215524744
288.0065 -0.0803216965982388
289.0285 -0.07864690729550851
290.0145 -0.0769544227792558
290.996 -0.07524648961983546
292.0275 -0.07352123345086592
293.019 -0.07177885685199438
293.996 -0.07001976447119464
295.0175 -0.06824387527532291
296.004 -0.06645074301482755
297.015 -0.0646409904465918
298.0035 -0.06281486216098986
298.9975 -0.06097147874448375
299.996 -0.05911052620562077
300.9975 -0.05723284099018619
302.007 -0.05533788663593733
302.9955 -0.053426222960937665
304.017 -0.051497099362379055
305.0005 -0.049551181231933354
306.0115 -0.04758756619596054
307.0045 -0.045606775100924764
308.007 -0.04360905822752819
308.996 -0.04159380620468368
310.016 -0.039561949694172024
311.006 -0.0375119934865924
311.997 -0.03544471484087243
313.0105 -0.03336088865526137
314.001 -0.031259399426975726
315.0075 -0.02914042557598998
316.003 -0.02700326329059395
317.015 -0.024848606245514507
317.999 -0.022676767683338404
319.0095 -0.020487452598994375
319.9965 -0.018281357291525066
321.0105 -0.01605780047028741
322.001 -0.013815884430616125
323.001 -0.011557843557888244
324.0065 -0.009282153276031118
325.0 -0.006989474050973308
326.0075 -0.004677636224306339
326.9995 -0.002347352569472444
328.006 0.0
