27.996 -0.0
29.0015 0.00036920318907225896
30.0025 0.0007543889410523853
31.005 0.0011191097439630327
31.9955 0.0014987654203653077
32.9985 0.00185818996543834
34.0025 0.0022322401203890875
34.998 0.002585504357851546
35.996 0.002953775345739736
37.003 0.003301732750121498
37.998 0.003664837740080012
39.0035 0.004006616358997191
39.996 0.004363482421646171
41.0015 0.004699456433265078
42.001 0.005050331269002239
43.002 0.005380700752272417
44.0105 0.005725080794828679
45.0085 0.006050422928420826
46.0145 0.006388153485972818
47.0 0.0067069817649776375
47.996 0.007040602702546535
49.0025 0.007353155641873943
50.004 0.0076804117087873325
51.0 0.007986650471803768
51.9965 0.008307246358320301
52.9975 0.008607156213883409
54.0045 0.008922608709233032
55.0135 0.009217059329640391
55.9985 0.009526782010592455
56.9985 0.009814920523409307
58.0175 0.010117474974121729
59.002 0.010399404340724339
59.999 0.01069500935036885
61.017 0.010970532864226543
62.0 0.011260466830197324
62.993 0.011530195263592564
64.001 0.011814681732975486
65.0035 0.012078960250073004
66.02 0.012356831031761578
66.997 0.012614665795490254
67.999 0.012885591927504339
69.0175 0.013136729730454294
69.9955 0.01340154931622331
71.0025 0.01364813664476243
72.015 0.013907764747005225
73.0025 0.014148375724827883
73.994 0.014402466866678648
75.024 0.01463745906716539
76.0165 0.014886122006627103
77.002 0.015114564718628626
78.0145 0.015356052826638572
79.0025 0.015579383682248704
80.022 0.015815507726277836
81.0105 0.016032474204936253
82.009 0.016262622597471632
83.0025 0.016473836110508067
84.029 0.01669850946373022
85.027 0.016904674639437844
86.0205 0.017123511322317306
87.0125 0.017323027161011403
88.001 0.017535643104482593
89.004 0.017729070720656687
90.029 0.017936024943155965
91.0255 0.018124447894213705
92.0225 0.01832641203427343
93.009 0.01850832035744332
94.0125 0.018704781822838065
94.996 0.018881224528396495
96.028 0.01907142417182485
97.0165 0.019243014274900425
98.0015 0.01942719584484602
99.0255 0.019592438052651026
100.022 0.019771168437175024
101.013 0.019931497266237067
102.0105 0.02010475433733032
102.9955 0.020258142227579296
104.0295 0.020425512919737626
105.021 0.020575407357982176
106.0095 0.020738669219166797
107.006 0.020881456194633025
108.017 0.021038313751685467
109.011 0.021177023933280567
109.998 0.02132890424779145
111.005 0.02146175353932317
112.0265 0.021608602461437948
113.028 0.021736699649450728
114.022 0.021877646126367514
115.0105 0.02199991321013267
116.006 0.022135475012633563
117.023 0.022251814513250978
118.004 0.022382074653034587
119.029 0.022494516448515703
120.024 0.022620455824556088
121.0115 0.022726846679496662
122.0085 0.022846184868630548
123.0095 0.022948960218115183
124.018 0.023064977724754562
125.0085 0.02316222161720119
126.0105 0.023271459404099498
126.9975 0.023362613700865814
127.9975 0.023466884438088226
129.025 0.023553536231818162
130.02 0.02365375695987071
131.001 0.023735678025577217
132.0295 0.023830928553688957
133.017 0.0239063774618829
133.9995 0.023995185770258498
135.0275 0.024066217101715776
136.027 0.02415097281319012
137.017 0.02421801921144659
138.0025 0.02429754408767934
139.0125 0.024358962931419703
139.9995 0.02443330767555077
141.027 0.024490063429599113
142.016 0.0245600958903352
142.995 0.02461222592475701
144.031 0.024678413823818968
145.0165 0.024727363794971896
146.004 0.024788983486729588
147.02 0.02483237868107102
148.007 0.02488791839641774
149.008 0.024926342024691572
150.0075 0.024977290613178132
151.0165 0.02501033740754907
151.996 0.025055863724516042
153.0305 0.025083415656992347
154.025 0.025125157705976148
155.024 0.025148755771567805
156.024 0.025185682974762535
157.0095 0.02520492306467828
158.011 0.025238083447470916
158.998 0.02525284510593051
160.0015 0.02528094282248014
161.0215 0.025291742891896646
162.0165 0.02531390107676232
162.9995 0.02531975976042397
164.032 0.025338736812315382
165.027 0.025339702966661992
166.018 0.025354477928659913
167.007 0.025351226538948973
168.0025 0.025360980712617026
169.033 0.025353294452292535
170.026 0.025358637144459656
171.0255 0.02534695354008179
172.0225 0.02534732448577892
173.0085 0.025330876741546632
174.0055 0.025327203953532218
175.022 0.02530645481913929
176.0105 0.025298405364569176
177.003 0.02527228080983368
177.998 0.025259367411362643
179.0245 0.025229021233453774
180.022 0.0252115803531964
181.0135 0.025177163073471537
182.006 0.025155019689414748
183.023 0.02511665192224563
184.0075 0.02509047193522887
185.009 0.025048195424021008
186.01 0.02501813426849986
187.017 0.024970540097196875
188.002 0.024936985384158394
188.999 0.0248860016257417
190.0225 0.02484641153005865
191.0045 0.024790597619264748
191.998 0.024747658486968527
193.023 0.024688153214770248
194.0065 0.024641301983020836
194.9975 0.024577076528543657
196.003 0.024525312957367817
197.0275 0.02445689973119114
198.0245 0.024400653343790324
199.0165 0.024328144882356295
200.0135 0.02426741846734365
201.0025 0.02419106685565081
202.0215 0.024126228208644768
203.006 0.024045603002734783
204.011 0.02397654939670002
204.9975 0.023891354832004164
206.022 0.02381797785973344
207.0105 0.023728993383568153
208.0065 0.023652151217201073
209.0085 0.02355877630744685
210.006 0.02347699804188333
211.014 0.023380550979050313
212.0085 0.023296220234385573
213.0105 0.02319469031564983
213.9955 0.023105443097905798
215.023 0.02300196070834712
216.011 0.022909777032573075
217.003 0.022801546485842983
217.9995 0.022704544485974143
219.0235 0.022592093079681907
220.012 0.022491713404614228
221.0025 0.02237470509313
222.004 0.02227016354853542
223.0265 0.022149383277779183
224.028 0.022041067569909062
225.025 0.02191648888083264
226.016 0.021804516316307906
227.01 0.02167583841440937
228.012 0.02155875741039065
229.0115 0.021427549732989895
230.001 0.021307741428582716
231.024 0.021171575057967976
232.023 0.02104772612572485
233.0125 0.020907500474531174
233.997 0.020779049224280102
235.025 0.02063496940858761
236.0245 0.020504142822402927
237.02 0.020356538118105033
238.0065 0.020220917730466234
239.0065 0.020070645535986212
240.008 0.01993102888694534
241.008 0.019776139530098005
242.0155 0.019633455239918315
243.001 0.01947517495207951
244.0295 0.019328764941271753
245.0245 0.019166970888325904
246.0105 0.019017215565889645
247.007 0.01885081047271976
248.011 0.018696674522341097
249.0045 0.01852745571523215
250.019 0.018370081648326292
251.0295 0.01819708865436366
252.023 0.01803554604378016
253.0055 0.017859110956962285
253.996 0.01769435182431428
255.022 0.017514594676814293
256.018 0.017346641361239118
257.0035 0.01716278725520405
258.0175 0.016990176934649062
259.022 0.01680311605160574
260.013 0.016627702629049723
261.0015 0.016436587179307544
262.0195 0.016257016574396918
263.013 0.016062378957904258
263.999 0.01587922473691887
265.0105 0.015680372158317885
266.0195 0.01549352461939843
267.0045 0.015292055604893745
268.025 0.015101537389009226
269.009 0.014896088097025376
270.0075 0.014701912395901295
271.006 0.014492520460670344
271.995 0.014294956792175795
273.002 0.014082999183735082
274.0155 0.013881421610483405
275.007 0.013664775626256731
276.006 0.01345968312773882
277.0055 0.013240098864820124
278.002 0.013032594490031885
279.0 0.012808599359733719
280.013 0.012595964088996076
280.999 0.012368102700634542
282.021 0.012152468176662434
283.0155 0.011922022326330092
283.9975 0.011701375534303254
285.0165 0.01146674897579951
286.0195 0.011243528944703901
287.003 0.01100556935151259
288.024 0.010778674036276623
289.0225 0.010537021414325276
290.011 0.010307206581442963
291.0045 0.010062192418749366
292.0135 0.009828220891775291
293.02 0.009579604830388118
294.01 0.009342557188583851
295.007 0.009089981052370598
296.005 0.008849119058696439
297.0245 0.008593917727980675
298.0165 0.008348858797035875
299.0055 0.008088811912774066
299.998 0.007839751313459875
301.0295 0.00757688712893443
302.02 0.0073251482823629074
303.0075 0.007058007476328905
304.013 0.006802632291489467
304.998 0.006532136371346718
306.0335 0.0062728864985498525
307.025 0.005999604621201367
308.014 0.005737270796073515
308.9985 0.005459367528162888
310.0295 0.005192532227710472
311.0245 0.004913525213322948
312.0175 0.004644258030220876
312.9975 0.00436009651801746
314.0325 0.004086604232284036
315.023 0.0037994122185455656
316.013 0.0035231353120711434
316.997 0.003233072286265168
318.0315 0.002953834267103106
319.019 0.002659668612537412
320.008 0.0023767308189306946
321.0085 0.00207986960809446
321.9975 0.0017934477328621252
323.0175 0.001492909843975744
324.008 0.0012032990743645784
325.0055 0.0008991279423411838
326.032 0.0006053060456500357
327.0215 0.00029771987745891835
328.0055 -0.0
