28.0065 0.0
29.012 -0.0015094567651087172
29.995 -0.0030071333923717626
31.0025 -0.0044937354138482235
32.007 -0.005968027189910237
33.0115 -0.007430597759106796
34.016 -0.008880913674917511
34.9965 -0.010320446453225031
35.994 -0.011747444694175354
36.997 -0.013163645377665534
38.002 -0.014567493438766711
38.9955 -0.015960560755136684
40.004 -0.01734263440992811
41.0035 -0.01871317602775968
41.995 -0.020073370979768915
43.002 -0.021421633026014547
43.9995 -0.022757334759333024
45.0015 -0.024083760254258298
46.003 -0.025398416474101106
47.0025 -0.02670320675156259
48.0015 -0.027997136688765578
49.0025 -0.02927870252158558
50.002 -0.030549421299447925
51.0055 -0.03180957951679439
51.9985 -0.03305798936554265
52.9965 -0.034296289101350574
54.0125 -0.0355225302745824
55.006 -0.036738493616137353
56.023 -0.03794390037895149
57.009 -0.03913837522328877
58.011 -0.04032232832222978
59.0075 -0.0414949173397969
60.0035 -0.04265650547328996
60.9995 -0.04380784801654744
62.0105 -0.04494787880674037
63.0175 -0.046077969825842384
63.999 -0.04719747726925936
64.9995 -0.04830596118509
66.0175 -0.04940408685966925
66.9975 -0.05049000145417231
67.999 -0.051566250853364325
69.016 -0.052631550391296765
69.9995 -0.053685950536375364
71.0025 -0.05472975801294896
72.023 -0.05576347684240402
73.018 -0.05678638706632479
74.0075 -0.05779913468593115
75.003 -0.05880057711636548
76.003 -0.05979148569817374
77.0255 -0.06077154760146191
78.02 -0.06174065502197583
79.009 -0.06269914103141806
80.0145 -0.06364766742215919
81.014 -0.06458527492281953
82.011 -0.0655124608956297
82.9985 -0.06642992641457728
84.0025 -0.06733718917754496
85.0315 -0.06823367717764245
86.029 -0.06911952168991857
87.0275 -0.06999495088947488
88.0205 -0.07085992082124483
89.0115 -0.07171378365861843
90.0045 -0.07255734497829149
90.994 -0.07339094378391273
92.0185 -0.0742147821843907
92.998 -0.07502859106288018
94.028 -0.07583060264737243
95.022 -0.07662179412302424
96.0055 -0.07740408376650654
96.9955 -0.07817503472042894
98.022 -0.07893646131395292
99.009 -0.07968773724371651
100.004 -0.08042814443842827
100.9995 -0.08115923415393714
102.023 -0.0818797060041557
103.018 -0.08259021378936887
104.002 -0.0832902948058995
105.0225 -0.0839800664436923
106.0135 -0.08465914008153329
106.996 -0.08532912941850922
107.9955 -0.08598895426600024
109.025 -0.08663720254183821
110.0145 -0.08727515577101558
110.9995 -0.08790335223146473
111.996 -0.08852129193617214
113.0265 -0.08912925674326168
114.0215 -0.08972685955993988
115.0065 -0.09031523213407411
115.9965 -0.09089275030818013
117.032 -0.09145966791171356
118.0325 -0.0920171973314203
119.0295 -0.09256390001588954
120.0245 -0.09310181897802741
121.0095 -0.09362982354991366
122.01 -0.09414691880618052
123.015 -0.0946538834382492
124.002 -0.0951512977782497
125.0255 -0.09563820142313718
126.008 -0.09611513262515957
127.0125 -0.09658176597608496
128.0005 -0.09703777953298837
129.0275 -0.09748377713657445
130.024 -0.09791899273391369
131.018 -0.0983451113286535
132.0015 -0.09876241758107007
133.028 -0.09916920418052567
134.014 -0.09956655894836318
134.999 -0.09995382537464018
136.022 -0.10033110317183827
137.007 -0.10069976238014577
138.001 -0.10105801532819574
139.0225 -0.10140614659532068
140.023 -0.10174397642127761
141.0175 -0.10207212963851713
142.001 -0.1023900466504851
143.0235 -0.10269796900849863
144.0095 -0.10299564129002761
145.007 -0.10328379200615515
146.0135 -0.10356201791476487
147.004 -0.10383061769135055
148.023 -0.10408959973528482
149.008 -0.1043386124878535
150.007 -0.10457736603000221
151.008 -0.1048062537564468
152.013 -0.10502575225383633
153.0 -0.10523509440917196
154.02 -0.10543519423299848
155.0245 -0.10562553405245696
156.0135 -0.10580542574718725
156.998 -0.10597587959437521
158.003 -0.10613733783287387
159.031 -0.10628887056026265
160.022 -0.10642991544662404
161.0175 -0.1065617931948622
162.003 -0.10668415851890904
163.027 -0.10679710037365334
164.02 -0.10689930313769955
165.007 -0.10699291004370243
166.014 -0.10707632051858527
167.003 -0.10715051134475907
168.0025 -0.10721507967014177
169.0265 -0.10727010454815644
170.025 -0.10731478621267719
171.011 -0.10735012674135981
172.007 -0.1073763591472332
173.011 -0.10739271405170647
174.0035 -0.1073990654849157
174.996 -0.10739630485084778
176.0275 -0.10738452554684051
177.0245 -0.10736245932419039
178.008 -0.10733152504140882
179.0075 -0.10729065143016159
180.013 -0.10724047087465266
181.0055 -0.10718061852062483
182.026 -0.10711088086281344
183.0145 -0.10703196948543967
183.998 -0.10694357936199758
185.004 -0.10684575424915746
186.0225 -0.10673774052228335
187.01 -0.10662071387367308
188.017 -0.10649515739673414
189.014 -0.10635892343635606
190.0025 -0.10621432377187219
191.005 -0.10606030934689255
192.029 -0.10589712286673204
193.0285 -0.10572354085258595
194.0225 -0.10554035374209288
195.0105 -0.10534868682667588
196.0045 -0.10514725954094477
197.022 -0.10493644772232118
198.0105 -0.10471677028299617
199.0115 -0.10448761076986281
199.9995 -0.10424909689886608
201.022 -0.10400097994647531
202.03 -0.1037437349865954
203.0235 -0.10347724615017248
204.007 -0.10320093569406522
205.0135 -0.10291634050237812
206.009 -0.10262277653526651
207.005 -0.10232033724253038
208.0245 -0.10200897013337681
209.0135 -0.10168801025897199
210.005 -0.1013577726545137
211.003 -0.10101794679942998
212.005 -0.10066890938991349
213.021 -0.10031067227624811
214.0135 -0.09994290897311578
215.002 -0.09956523151071099
216.028 -0.09917943821896816
217.0205 -0.09878384157097986
218.0025 -0.09837935719550873
219.0235 -0.09796589806162292
220.018 -0.09754263368778397
221.006 -0.09711018361360196
221.9965 -0.09666880663862346
223.016 -0.0962176847767944
224.0295 -0.09575782451990864
225.026 -0.09528867959871723
226.0245 -0.09481070847501953
227.0195 -0.09432369264614916
228.008 -0.0938276684459785
229.011 -0.09332244333788191
229.9965 -0.09280862372883966
231.026 -0.09228529773859051
232.022 -0.09175306012027352
233.013 -0.09121184051484509
234.0015 -0.09066221277751212
235.015 -0.09010369412609259
236.0265 -0.08953564149001457
237.013 -0.08895894439197732
238.0025 -0.08837336213083273
239.0215 -0.08777840012231007
240.022 -0.08717570775731968
241.0015 -0.08656280695497257
242.024 -0.0859406945241898
243.011 -0.08530952273421005
244.0075 -0.08466990335299895
245.009 -0.08402139756306667
246.016 -0.08336453930291828
247.0125 -0.08269887289414292
247.996 -0.0820232255842211
249.031 -0.08133899935874934
250.0245 -0.08064519012520834
251.0125 -0.07994273778682444
251.997 -0.07923237159944005
253.004 -0.07851183387784802
254.0245 -0.0777822321205082
255.02 -0.07704430108479128
256.0075 -0.07629775394773261
257.003 -0.07554215497798428
258.027 -0.07477798395548295
259.0235 -0.07400399482251085
260.0135 -0.07322155292517434
261.0025 -0.0724308044451719
262.015 -0.07163117791563364
263.0245 -0.07082268422515414
264.022 -0.07000560668056872
265.015 -0.06917904706495817
265.997 -0.06834412548559457
267.006 -0.06750070823079146
268.0215 -0.06664907859190178
269.018 -0.0657884125963287
270.001 -0.06491956566260354
271.019 -0.06404191629189405
272.0085 -0.06315525134936585
273.008 -0.062261113838821075
274.0055 -0.061357874812182196
275.006 -0.060445416595569665
276.0025 -0.05952405344134469
277.004 -0.058594942530246365
278.011 -0.05765604281450349
279.0105 -0.05670954345702769
280.0005 -0.055754643848517506
281.0185 -0.054790428023543586
282.003 -0.053817944782850194
283.0205 -0.05283714102468189
284.012 -0.05184755463711577
284.9985 -0.05085024721955623
286.0055 -0.049844277750833756
287.0165 -0.048829414473491484
288.0075 -0.04780620687034397
289.0075 -0.0467738862043013
290.0075 -0.045732159623363855
291.008 -0.044683437982624856
292.009 -0.04362626566702892
292.996 -0.042560180163473155
294.028 -0.04148541624940564
295.03 -0.04040320000936892
296.024 -0.039311430445230576
297.0155 -0.03821206953371263
298.001 -0.03710459102287075
299.0325 -0.035987834879462444
300.027 -0.034862792846209585
301.022 -0.03372859636384944
301.997 -0.032586670375273
303.0265 -0.031437149330935554
304.0135 -0.030279696543919477
305.002 -0.029113233707238603
306.0265 -0.027939271868695225
307.0255 -0.026755434743617888
308.0135 -0.0255638236410826
309.005 -0.024363624410778134
310.032 -0.023155531067008604
311.028 -0.021938965420204168
312.009 -0.020714071921817793
313.0035 -0.019481541732420914
314.037 -0.01824065589993572
315.0245 -0.01699118290629627
316.018 -0.015732976011563513
317.008 -0.014466800388317137
318.0 -0.013193096766561135
319.014 -0.011911185073993602
320.0045 -0.010620765852014168
321.0145 -0.009321475903241163
321.998 -0.008014344624019171
323.023 -0.006698650317771715
324.0125 -0.005374794628521578
325.0015 -0.004043505512491477
326.0185 -0.002703767199630228
327.008 -0.0013560073705358164
327.9955 0.0
