28.005 0.0
28.9975 -0.002063884993119177
29.9985 -0.004115960508640605
30.998 -0.0061541431983218025
31.9985 -0.008177878347832065
32.9995 -0.01018883996514628
34.0045 -0.012187519560975418
35.0085 -0.01417352434849416
36.01 -0.0161455092758677
37.0085 -0.018104508638172378
38.0105 -0.020050349641152616
39.006 -0.021983450247378068
40.0025 -0.02390452162570734
41.008 -0.0258121162749253
41.997 -0.027707500708327996
43.001 -0.029588787200532617
44.007 -0.03145661597734501
44.9995 -0.03331285781661037
45.999 -0.03515592496159895
47.0115 -0.03698663856041299
48.008 -0.03880357617528213
49.0175 -0.04060729684258751
50.003 -0.04239796323904625
50.998 -0.04417620944938344
52.0135 -0.04594194985550378
53.0035 -0.04769491891861358
54.0005 -0.04943492832342686
55.0095 -0.0511612060881199
56.0075 -0.05287465298644103
57.0205 -0.05457605526941555
58.005 -0.056264571949095905
59.014 -0.05793992269397718
59.998 -0.05960180491719051
61.0 -0.06125202999653495
62.013 -0.06288909239570604
63.0065 -0.0645140067141685
64.016 -0.06612501509914702
65.016 -0.06772327473225939
66.002 -0.06930813864277731
67.0095 -0.07088021284562446
68.014 -0.07243953790353004
69.0025 -0.07398538366816407
69.9995 -0.07551792701983744
71.009 -0.07703798867544498
72.0015 -0.0785450728021368
73.004 -0.08003880851181362
74.0175 -0.08151893269031502
75.003 -0.08298613088526997
76.026 -0.08444032708605367
77.013 -0.0858819742266711
77.996 -0.087310585072749
79.002 -0.08872503916921767
80.0135 -0.09012733966744221
80.997 -0.09151598791339784
82.022 -0.09289138065324276
83.017 -0.0942540358145984
83.9975 -0.09560395127527915
85.0025 -0.09694026605300883
86.0225 -0.09826340304084984
87.012 -0.09957424640566917
88.0075 -0.10087157745586273
89.018 -0.10215547455813496
90.0005 -0.10342630723989218
91.0 -0.10468355821270786
92.022 -0.10592818742761154
93.009 -0.10715914508690834
94.007 -0.1083769014184974
95.011 -0.1095817291323651
95.9955 -0.11077300322469115
97.0135 -0.11195037197250121
98.0215 -0.1131161236114026
99.012 -0.11426686763569831
100.0065 -0.1154051092695475
101.0155 -0.11652970591753938
102.0025 -0.1176404268426475
103.0105 -0.11873819161539496
104.0225 -0.11982284617907622
105.013 -0.12089448323150785
106.0045 -0.12195280989698858
106.999 -0.12299693531134769
108.024 -0.12402749076417294
109.012 -0.12504523632714523
110.0075 -0.12604939654578776
111.019 -0.12704073811004563
112.001 -0.1280175962349974
113.0005 -0.12898136871314453
114.012 -0.1299316879795945
115.003 -0.13086826808593688
115.993 -0.13179182205112666
117.0045 -0.1327016664017843
118.025 -0.13359752455863233
119.0185 -0.13448032991795414
119.999 -0.13534909492383085
121.009 -0.13620449272112184
122.016 -0.13704730879313679
123.0 -0.13787627465082217
124.0065 -0.1386906407551398
125.02 -0.13949090437702857
126.002 -0.14027829775542913
127.015 -0.14105164564202827
128.0205 -0.141811670701869
129.0085 -0.1425578276989059
129.996 -0.1432901807300548
131.0265 -0.14400871440711854
132.0125 -0.14471356048662956
133.003 -0.1454057217583536
134.018 -0.14608400276464437
135.0225 -0.14674742792506487
136.0105 -0.14739711480316284
137.004 -0.14803464049705664
138.01 -0.148657078380288
139.0235 -0.14926509078883568
140.0225 -0.14985987455985453
141.013 -0.15044079033228702
142.0 -0.1510076149933284
143.013 -0.15156005423120736
144.017 -0.15209906755357808
145.0035 -0.15262390370193454
146.007 -0.15313520037017805
147.0175 -0.15363206454467832
148.001 -0.15411532942509476
149.003 -0.15458402362387688
150.0175 -0.155039128179181
151.006 -0.155480063182548
151.9975 -0.15590728581853414
153.0215 -0.15632111511487873
154.018 -0.15672103250436611
154.997 -0.15710686139739255
156.0235 -0.1574778568946258
157.0245 -0.15783438777493322
158.012 -0.15817714842401392
159.0075 -0.15850603915581005
160.0045 -0.15882114068469017
161.0245 -0.15912165760793293
162.0195 -0.15940801666118803
163.0065 -0.15967939649264268
164.0025 -0.15993568098313182
165.014 -0.16017787929923497
166.0215 -0.1604056134697072
167.006 -0.160620443186315
167.998 -0.16082159194280993
169.034 -0.1610081924975451
170.0235 -0.16118039183538904
171.0105 -0.16133813849947795
172.007 -0.16148211545347102
173.008 -0.16161134041256184
174.0055 -0.1617261509897744
175.0225 -0.16182678369255304
176.014 -0.16191318881295333
176.996 -0.1619854945137022
178.0045 -0.16204285731193438
179.0275 -0.16208665156986873
180.0215 -0.162114838680577
181.011 -0.16212925767975114
182.009 -0.16212958841025643
183.0085 -0.16211514263064167
184.0055 -0.1620859762943066
185.0085 -0.16204221177773637
186.024 -0.1619837200670642
187.0145 -0.16191109402590195
187.9975 -0.16182402418708253
189.0215 -0.16172100431452585
190.0215 -0.161605321683186
191.017 -0.16147414722024914
192.0105 -0.16132951238201587
193.0035 -0.16117002776158354
194.025 -0.1609957404732504
195.0225 -0.16080669884123852
196.005 -0.1606039760622987
197.019 -0.16038565367560703
198.008 -0.16015220297267185
199.0025 -0.15990460976824014
200.029 -0.15964162664898132
201.0215 -0.15936424100055327
202.0115 -0.159072264385606
203.0025 -0.15876641069255232
204.0315 -0.15844584843332682
205.0215 -0.15811032233866906
206.0145 -0.1577599627915965
206.998 -0.15739480846234552
208.033 -0.15701451068595593
209.023 -0.15662013333915634
210.0125 -0.15621038135124346
211.0025 -0.15578702451831838
212.029 -0.15534845110701134
213.026 -0.15489457212964508
214.0145 -0.15442553050151228
214.998 -0.1539420777058268
216.027 -0.15344282082908012
217.018 -0.15292946490737924
218.006 -0.1524011858736075
218.9975 -0.15185772015397314
220.0235 -0.15129897767655842
221.0155 -0.15072519010485513
222.01 -0.15013602479276686
223.0065 -0.1495317837516398
224.01 -0.14891286437888154
225.0045 -0.1482794727563847
226.028 -0.1476305349562934
227.0175 -0.14696671662495367
228.0 -0.14628753016895502
229.028 -0.14559227371868477
230.012 -0.1448825153444173
231.0045 -0.1441580846447638
232.027 -0.1434186900333442
233.0265 -0.14266388034343627
234.0155 -0.14189451930672006
235.004 -0.14111012173527604
236.0185 -0.14030981350414043
237.0225 -0.13949413482684336
238.0075 -0.13866302414937096
239.0085 -0.13781765870504106
240.001 -0.1369565560774028
241.0255 -0.1360804853369773
242.023 -0.1351885248523576
243.0155 -0.1342813476464745
244.0035 -0.13335813782869516
245.0325 -0.13241970116296312
246.0255 -0.13146640909580737
247.014 -0.13049829282318653
247.9975 -0.12951542960113938
249.0055 -0.1285169225604156
250.0225 -0.12750276486158965
251.011 -0.12647320960920608
252.002 -0.1254277372445162
253.0225 -0.12436729189938328
254.0045 -0.1232920589757934
255.0185 -0.12220022188946578
256.005 -0.12109350279081033
257.0215 -0.11997114753091868
258.018 -0.11883356262182214
259.0065 -0.11768048488294697
260.006 -0.11651146547867522
261.0235 -0.11532685974241576
262.0085 -0.11412663565879846
263.0075 -0.11291141825028309
264.0025 -0.11168007270810612
265.02 -0.11043371138138332
266.0115 -0.1091712233914328
266.9985 -0.10789359538950671
268.018 -0.1066006853902914
269.0125 -0.10529260442606622
269.9985 -0.10396830059944125
271.021 -0.10262802176156617
272.0055 -0.10127293557086811
273.0055 -0.09990196477990557
274.023 -0.09851517733167132
275.0175 -0.097112424520444
276.004 -0.09569450046372388
277.0215 -0.09426120252260978
278.0175 -0.09281118054038574
279.009 -0.09134567704186586
279.998 -0.08986495373923829
281.0185 -0.08836883739737028
282.022 -0.08685628905399989
283.013 -0.0853279149156187
283.999 -0.0837848784040786
285.009 -0.08222608124050466
286.024 -0.08065149010823333
287.021 -0.07906002258660798
288.01 -0.07745280247262872
288.9985 -0.07582948178218225
290.03 -0.07419036472122754
291.0235 -0.07253541545363126
292.011 -0.07086432976198818
293.0075 -0.06917769955526305
293.9955 -0.0674757099370231
295.02 -0.06575818594950766
296.002 -0.06402402164595332
297.026 -0.062274235572631356
298.018 -0.06050909949677462
299.002 -0.0587269012107462
300.0225 -0.05692885298016951
301.0115 -0.05511401855755022
302.004 -0.05328393019550024
303.036 -0.051437734336327194
304.021 -0.049574848454681575
305.0075 -0.04769673530176421
306.0065 -0.04580274128946808
307.012 -0.043892179917475876
308.001 -0.04196605112370788
309.0265 -0.04002330089351751
310.0225 -0.038063849613057796
311.02 -0.03608760084692996
312.0155 -0.03409556031637625
313.007 -0.03208737991123028
313.9975 -0.030063129387681478
315.02 -0.02802272426926393
316.0085 -0.025965893649507833
316.997 -0.023892781194746825
318.024 -0.02180298820235254
319.012 -0.019696905346285716
320.0005 -0.017574057567690638
321.014 -0.015434620705445053
322.0025 -0.01327965298185358
323.0185 -0.011107751327665666
324.0155 -0.008919088627139799
325.009 -0.006713695933490915
325.9965 -0.004492454942384405
327.0085 -0.0022547249373021014
328.0005 0.0
