!---------------------------------------------------------------------------------
!SCANNED AXIS: Motor5
!KIND OF MOVEMENT: Absolute
!START POSITION: 28.0205 mm
!STOP POSITION: 328.0005 mm
!NUMBER OF STEPS: 300
!STEP VALUE: 1.0 mm
!SCAN TIME: 0.1 s
!---------------------------------------------------------------------------------

28.0205 -0.0029419870608229466   -1511.8    -234.9
28.9975 -0.0029291764351635123   -1504.3    -241.5
30.0160 -0.0029150560788603766   -1496.1    -239.8
31.0140 -0.002902481584860282   -1488.7    -240.2
32.0030 -0.0028895267463853983   -1481.1    -240.0
33.0010 -0.0028761820858630286   -1473.3    -238.4
34.0130 -0.0028629136058782585   -1465.6    -236.8
35.0035 -0.0028494420556057047   -1457.7    -236.8
36.0020 -0.002836961776738727   -1450.4    -235.1
37.0175 -0.002824343159378187   -1443.0    -233.9
38.0005 -0.0028120855503776993   -1435.9    -233.4
39.0025 -0.002798784831739005   -1428.1    -231.7
40.0120 -0.0027855552026893196   -1420.4    -231.2
41.0020 -0.0027730226127410332   -1413.0    -229.6
42.0020 -0.0027602406264306913   -1405.6    -228.3
43.0095 -0.0027470777792301675   -1397.9    -227.3
44.0090 -0.0027344350508930245   -1390.5    -226.5
45.0125 -0.0027215775565275304   -1382.9    -225.1
46.0055 -0.002708474903825839   -1375.3    -225.3
47.0175 -0.0026949997694004696   -1367.4    -224.7
48.0230 -0.0026816665861573354   -1359.6    -225.4
49.0030 -0.0026691852693744296   -1352.3    -227.1
50.0190 -0.0026560762799733217   -1344.7    -226.9
51.0100 -0.002643400476201353   -1337.2    -227.3
52.0000 -0.002630986143515133   -1330.0    -227.1
53.0175 -0.0026176853017939525   -1322.2    -225.5
54.0050 -0.0026045174433471144   -1314.5    -225.6
54.9980 -0.0025916250773291966   -1307.0    -224.9
56.0285 -0.0025787473526684575   -1299.4    -223.4
57.0085 -0.0025654883755437496   -1291.7    -222.7
58.0040 -0.0025530831453536456   -1284.4    -223.0
59.0320 -0.002539308727752327   -1276.4    -221.6
60.0250 -0.0025260179701189016   -1268.6    -221.2
61.0120 -0.002513308638815782   -1261.2    -221.0
61.9985 -0.002500910578859037   -1253.9    -220.2
63.0310 -0.002487698953063668   -1246.2    -217.9
64.0220 -0.0024741087855357172   -1238.3    -216.2
65.0050 -0.002461961604279742   -1231.2    -216.5
66.0115 -0.0024485004282772346   -1223.3    -214.5
66.9975 -0.0024356082066874147   -1215.8    -213.9
68.0265 -0.002422336571370811   -1208.0    -211.2
69.0155 -0.0024082407886767384   -1199.8    -210.7
70.0000 -0.0023956406729939515   -1192.4    -210.8
71.0265 -0.002382074197873866   -1184.5    -208.6
72.0165 -0.002369370344115782   -1177.0    -207.5
72.9985 -0.0023564784643424607   -1169.5    -207.3
74.0225 -0.0023430611422562008   -1161.7    -205.5
75.0005 -0.0023301955050755215   -1154.1    -205.0
76.0270 -0.002316088871786603   -1145.9    -202.9
77.0160 -0.002303903578823671   -1138.8    -202.0
77.9950 -0.0022895868570857146   -1130.4    -201.7
79.0320 -0.0022762846748258718   -1122.6    -199.9
80.0185 -0.00226305106556358   -1114.9    -200.0
81.0070 -0.0022498320877830185   -1107.2    -200.1
82.0060 -0.0022370642208266573   -1099.7    -200.7
83.0020 -0.0022233449259611644   -1091.7    -200.6
84.0225 -0.0022100234300446594   -1083.9    -200.3
85.0010 -0.002196933799382406   -1076.2    -201.1
86.0170 -0.002183052281656922   -1068.1    -200.0
86.9980 -0.0021698222246357398   -1060.4    -200.9
88.0315 -0.002155743408063132   -1052.2    -199.6
89.0205 -0.002141834116158469   -1044.0    -199.4
90.0035 -0.0021290170144013854   -1036.5    -200.0
91.0305 -0.0021147192868824255   -1028.2    -198.5
92.0165 -0.0021014921522567653   -1020.4    -198.2
93.0030 -0.0020876990833675235   -1012.4    -199.4
94.0385 -0.002073641595683687   -1004.2    -197.9
95.0265 -0.00206096528771596    -996.7    -198.0
96.0045 -0.002047784711928964    -989.0    -198.2
97.0220 -0.002033611884467282    -980.8    -196.6
98.0015 -0.0020201226526245634    -972.9    -196.5
99.0230 -0.0020064752337908397    -964.9    -193.6
100.0000 -0.0019926372574720235    -956.8    -193.9
101.0155 -0.0019786184881261195    -948.6    -192.1
102.0035 -0.001965247175491552    -940.8    -191.1
103.0310 -0.0019508576046156337    -932.4    -188.9
104.0140 -0.0019381148022764617    -924.9    -188.6
105.0030 -0.0019240745150405322    -916.7    -187.9
106.0325 -0.0019103798785430855    -908.7    -185.4
107.0195 -0.001896864408055481    -900.8    -184.3
108.0080 -0.0018833015597812396    -892.9    -183.8
109.0070 -0.0018693489914485037    -884.7    -182.8
110.0080 -0.0018559611923439153    -876.9    -181.5
111.0045 -0.001842279409494647    -868.9    -181.3
112.0310 -0.0018274010800423427    -860.2    -178.3
113.0230 -0.0018148169144760061    -852.8    -177.5
114.0155 -0.0017999486356491188    -844.2    -177.1
114.9960 -0.0017863694219723697    -836.2    -177.6
116.0210 -0.0017725029037137755    -828.1    -176.8
116.9990 -0.0017584951083478824    -819.9    -177.3
118.0240 -0.001744460955438354    -811.7    -176.5
119.0100 -0.0017309759367829692    -803.8    -176.0
120.0020 -0.0017165792956738088    -795.4    -176.0
121.0315 -0.0017018743658585925    -786.8    -173.7
122.0150 -0.0016879692078270029    -778.7    -174.4
122.9980 -0.00167467979574541    -770.9    -174.5
124.0300 -0.0016606411541679493    -762.7    -172.8
125.0195 -0.001647268024460179    -754.9    -172.9
126.0070 -0.0016319443969919968    -745.9    -172.6
127.0065 -0.0016183626698159813    -738.0    -173.1
127.9955 -0.0016038120099212444    -729.5    -172.5
129.0160 -0.0015900242110331348    -721.4    -171.1
129.9965 -0.0015750920342898587    -712.7    -171.0
131.0340 -0.0015611718213661941    -704.6    -168.6
132.0160 -0.00154684258234568    -696.2    -168.2
133.0005 -0.0015324951447171142    -687.8    -168.1
134.0255 -0.0015181948736288147    -679.4    -165.8
135.0075 -0.0015040510532647615    -671.2    -164.9
136.0045 -0.0014898833681524022    -662.9    -164.7
137.0350 -0.001475430476717361    -654.4    -161.9
138.0195 -0.0014614244749668426    -646.3    -161.0
139.0015 -0.0014470366176945995    -637.8    -160.5
140.0140 -0.001432249455654374    -629.2    -159.8
140.9995 -0.0014180304120646134    -620.9    -159.0
142.0240 -0.0014032758521817994    -612.3    -156.4
143.0100 -0.0013889406063404607    -603.9    -154.9
144.0015 -0.0013752968813827426    -595.9    -154.1
145.0355 -0.0013594607826597218    -586.6    -151.2
146.0260 -0.0013449918925937953    -578.2    -151.3
147.0125 -0.0013308054538243518    -569.9    -149.9
148.0040 -0.0013166073056257355    -561.6    -150.1
149.0390 -0.0013023391133588351    -553.2    -148.4
150.0250 -0.0012877927408356383    -544.7    -149.6
151.0115 -0.0012727054141863418    -535.9    -150.8
152.0035 -0.0012587429601229225    -527.8    -151.7
153.0415 -0.0012428850370428909    -518.5    -150.8
154.0280 -0.0012290931405458919    -510.4    -150.5
155.0185 -0.0012137681297708966    -501.5    -150.3
155.9990 -0.0011995032732041889    -493.1    -150.8
157.0265 -0.0011839424783935857    -484.0    -150.0
158.0205 -0.0011697660652580794    -475.7    -149.5
159.0075 -0.001154559448463787    -466.9    -149.0
160.0035 -0.0011401765060156353    -458.4    -149.5
161.0390 -0.0011253018412427794    -449.8    -147.7
162.0260 -0.0011104112582981463    -441.0    -147.8
163.0095 -0.0010958947359896378    -432.6    -147.9
164.0030 -0.0010807358453963911    -423.7    -147.5
165.0280 -0.0010654703511768387    -414.8    -145.4
166.0230 -0.001050598509351241    -406.1    -145.5
167.0065 -0.0010356325220635925    -397.3    -144.3
168.0055 -0.001021120247652233    -388.8    -143.8
169.0380 -0.001005459026510655    -379.7    -141.4
170.0220 -9.920239079755009E-4    -371.8    -140.5
171.0085 -9.76854851671242E-4    -363.0    -140.0
172.0065 -9.616282210385674E-4    -354.1    -139.1
172.9975 -9.468340645392162E-4    -345.4    -138.6
174.0015 -9.31251663592273E-4    -336.3    -136.9
175.0075 -9.166329440683226E-4    -327.8    -134.6
175.9960 -9.018320768883484E-4    -319.1    -134.5
177.0235 -8.869017213118411E-4    -310.4    -132.3
178.0035 -8.721089471501441E-4    -301.7    -131.2
179.0090 -8.566078460905424E-4    -292.7    -129.4
180.0050 -8.413184140097984E-4    -283.7    -128.9
181.0290 -8.25614123633464E-4    -274.6    -126.3
182.0195 -8.103763204923503E-4    -265.6    -125.8
183.0035 -7.958311822876498E-4    -257.1    -126.8
184.0160 -7.804854036134735E-4    -248.2    -126.9
185.0015 -7.653003997025487E-4    -239.3    -127.3
186.0225 -7.486976621170786E-4    -229.6    -126.4
187.0155 -7.34048349699967E-4    -221.0    -126.7
187.9955 -7.194012438586366E-4    -212.5    -127.4
189.0080 -7.036673274831512E-4    -203.3    -126.0
190.0020 -6.888464498303354E-4    -194.6    -126.0
191.0315 -6.726635238881173E-4    -185.1    -124.3
192.0140 -6.58168730285585E-4    -176.7    -125.5
192.9970 -6.426838439504732E-4    -167.6    -125.6
194.0185 -6.261656960727786E-4    -158.0    -124.4
195.0035 -6.109835843715815E-4    -149.1    -124.2
196.0110 -5.947718825896976E-4    -139.6    -123.9
197.0040 -5.805814574499118E-4    -131.3    -124.2
198.0280 -5.641616362013448E-4    -121.7    -122.3
199.0155 -5.485769295687444E-4    -112.6    -121.0
200.0035 -5.333793701137002E-4    -103.7    -120.8
201.0155 -5.174643350113792E-4     -94.4    -119.2
202.0040 -5.027734418696202E-4     -85.8    -119.6
203.0070 -4.877154806973525E-4     -77.0    -116.2
204.0025 -4.7098258624883637E-4     -67.2    -116.2
205.0240 -4.554554410782027E-4     -58.2    -114.8
206.0130 -4.402279038017707E-4     -49.3    -113.7
206.9955 -4.244751845338274E-4     -40.0    -113.1
208.0195 -4.0818875639097473E-4     -30.5    -110.5
209.0045 -3.930518506946059E-4     -21.7    -110.4
210.0180 -3.779021984898354E-4     -12.8    -109.4
211.0005 -3.6226757196212685E-4      -3.7    -108.6
212.0255 -3.4723324899672733E-4       5.1    -106.9
213.0115 -3.3116964622483333E-4      14.5    -106.2
213.9960 -3.146549743342382E-4      24.2    -106.5
215.0325 -2.9884842062282124E-4      33.4    -104.4
216.0095 -2.824237134061761E-4      43.0    -104.6
217.0080 -2.6635789175058E-4      52.4    -105.1
218.0000 -2.5121561464907426E-4      61.2    -105.3
219.0195 -2.3408631082340783E-4      71.3    -105.2
220.0030 -2.1890494485631837E-4      80.1    -105.9
221.0155 -2.0218575591913495E-4      89.9    -104.5
222.0035 -1.8567498157420778E-4      99.6    -104.9
223.0275 -1.6972657757139488E-4     108.9    -103.5
224.0115 -1.5419557701448606E-4     118.0    -103.9
225.0020 -1.381306018347731E-4     127.3    -104.4
226.0355 -1.2232217844457082E-4     136.6    -102.3
227.0210 -1.0608550273284274E-4     146.1    -102.7
228.0120 -9.065795925815908E-5     155.1    -102.6
228.9950 -7.462550574767147E-5     164.5    -102.8
230.0250 -5.840641784183391E-5     174.0    -101.6
231.0115 -4.189737076254488E-5     183.6    -101.5
231.9955 -2.5913560517094383E-5     193.0    -102.4
233.0250 -9.160385954716775E-6     202.7    -100.3
234.0170 6.627744088272276E-6     212.0     -99.5
235.0090 2.3770844254935934E-5     222.0     -98.2
236.0015 3.9204336456019796E-5     231.0     -97.3
237.0165 5.594866174390729E-5     240.8     -95.6
238.0005 7.2075933269382E-5     250.2     -94.4
239.0070 8.911576815329312E-5     260.2     -92.3
240.0070 1.047744843126721E-4     269.4     -90.7
240.9955 1.2102416038059944E-4     278.9     -90.2
242.0150 1.3735620967536647E-4     288.4     -88.1
242.9955 1.5303639654591923E-4     297.6     -87.2
244.0165 1.7029816801058495E-4     307.7     -85.2
245.0045 1.8588442597916203E-4     316.8     -85.1
246.0130 2.0276146613132641E-4     326.6     -83.1
246.9960 2.1963335530636251E-4     336.5     -82.5
248.0130 2.3523175219398705E-4     345.6     -81.2
248.9995 2.516666476579244E-4     355.2     -80.4
250.0105 2.683466298935384E-4     365.0     -78.4
250.9955 2.845237111143013E-4     374.4     -78.5
252.0210 3.01957887001787E-4     384.6     -78.3
253.0065 3.1841420519288795E-4     394.2     -79.5
254.0065 3.3561451575481795E-4     404.3     -79.6
255.0010 3.5194992127826955E-4     413.8     -79.7
256.0145 3.677240389948362E-4     423.1     -79.4
256.9965 3.8447867238824816E-4     432.9     -79.7
258.0215 4.012633617944446E-4     442.7     -77.8
259.0115 4.1784963581537396E-4     452.4     -77.6
260.0050 4.344442396015681E-4     462.1     -78.1
261.0260 4.5122866465285134E-4     471.9     -76.6
262.0080 4.6691510057830413E-4     481.1     -77.7
262.9960 4.846190602798271E-4     491.4     -76.5
264.0215 5.018433422938784E-4     501.5     -75.0
265.0060 5.180905912059229E-4     511.0     -75.4
266.0070 5.359295577672567E-4     521.4     -75.2
267.0050 5.522804756064124E-4     531.0     -74.7
268.0225 5.684480092999482E-4     540.4     -72.8
269.0060 5.857574570036028E-4     550.5     -72.6
269.9965 6.027010246299514E-4     560.4     -72.4
271.0255 6.194481810992502E-4     570.2     -70.0
272.0080 6.366782132517782E-4     580.3     -69.0
273.0080 6.522657566780078E-4     589.4     -68.7
273.9955 6.692564533452858E-4     599.3     -67.5
275.0215 6.87213784669379E-4     609.8     -65.6
276.0015 7.037602436148799E-4     619.5     -66.0
277.0225 7.203681223688826E-4     629.2     -64.5
278.0065 7.374390860165846E-4     639.2     -63.6
279.0080 7.548313148380716E-4     649.4     -62.4
280.0045 7.71775781895051E-4     659.3     -61.1
281.0170 7.886787110740784E-4     669.2     -59.1
282.0010 8.058975038151791E-4     679.2     -59.1
283.0260 8.231575920744725E-4     689.3     -56.5
284.0180 8.398732221708807E-4     699.1     -56.0
285.0025 8.5622652110473E-4     708.7     -55.5
286.0295 8.742932664380864E-4     719.2     -54.5
287.0155 8.925703658597199E-4     729.9     -55.2
287.9990 9.10005012737077E-4     740.1     -56.5
289.0240 9.260459475097148E-4     749.5     -55.8
290.0080 9.433767074907776E-4     759.6     -56.7
290.9960 9.603144477813273E-4     769.5     -57.2
292.0275 9.778736725735275E-4     779.8     -55.2
293.0135 9.954031930440122E-4     790.0     -55.6
294.0020 0.0010120948627436901     799.8     -56.6
294.9975 0.0010305445770667108     810.6     -56.2
296.0015 0.001047884769623947     820.7     -55.8
297.0040 0.001064893835469494     830.6     -54.7
298.0125 0.0010823976836634042     840.9     -53.3
299.0020 0.00109995892846509     851.1     -53.0
300.0110 0.001117492015153579     861.4     -51.0
301.0000 0.0011346098278007368     871.4     -51.1
302.0195 0.0011521820303156847     881.7     -50.1
303.0095 0.00116996510146149     892.1     -49.2
303.9995 0.0011874492849978907     902.3     -48.4
305.0090 0.0012049765939239985     912.5     -47.4
306.0010 0.0012224202306234608     922.7     -46.4
307.0185 0.0012396375868196838     932.8     -44.1
308.0080 0.0012581735567118     943.6     -43.2
308.9970 0.001275553912444246     953.8     -43.0
309.9985 0.0012929392568586798     964.0     -41.3
311.0120 0.0013110678261904242     974.6     -39.6
312.0045 0.0013288952892241141     985.0     -39.2
313.0205 0.0013473107619423655     995.7     -37.3
314.0065 0.0013645424635897684    1005.8     -36.3
314.9965 0.001381907396909906    1016.0     -35.9
316.0135 0.0013998937612892078    1026.5     -34.5
317.0005 0.001417760063549894    1036.9     -34.5
318.0155 0.0014359492924841358    1047.6     -32.2
319.0030 0.0014549692121297677    1058.7     -32.2
320.0060 0.001471056515595103    1068.1     -30.4
320.9975 0.0014889174155567795    1078.5     -31.1
322.0145 0.0015072949823807522    1089.3     -30.6
323.0040 0.0015258562131854347    1100.1     -31.6
324.0025 0.0015430992440228556    1110.2     -31.5
324.9990 0.0015617053081225974    1121.1     -31.8
326.0050 0.0015799792872668369    1131.8     -31.6
327.0070 0.0015984689779093035    1142.6     -30.1
328.0005 0.001616565116211831    1153.1     -30.9
