28.0105 0.0
29.0035 -0.002264750513202722
29.998 -0.004512082993225221
31.0065 -0.006743751380480143
32.0085 -0.008957983476758791
32.9985 -0.011155453067687063
34.003 -0.013336790185879474
35.005 -0.01550111670545517
36.008 -0.017649870802649046
37.006 -0.01978211583662387
37.999 -0.021898018347756867
39.009 -0.02399858724458259
40.0125 -0.026083655537192114
40.9975 -0.028151464696276197
42.0015 -0.03020378468754474
43.0025 -0.032240600742293526
43.9965 -0.03426144203783611
45.0025 -0.036266731103177484
45.9985 -0.03825559784355518
47.0145 -0.04022875014938468
48.006 -0.04218413530627192
49.0025 -0.044125040700883245
50.0075 -0.04605039141915316
50.9975 -0.04795969225538559
51.998 -0.04985300455773404
53.006 -0.051730956159370955
53.9975 -0.053593755609428105
55.0025 -0.05544069471381824
56.0045 -0.057271893044253175
57.0075 -0.05908705950495992
58.011 -0.0608864347124808
59.0035 -0.06267006447399008
59.9975 -0.0644387569742809
61.0125 -0.06619175647045322
62.008 -0.06792888247403599
63.02 -0.06965128936167482
64.0085 -0.07135759497272724
65.0085 -0.07304911354746617
66.0095 -0.07472476600629038
66.9975 -0.07638458233599021
67.998 -0.07802855378325192
69.007 -0.07965774399189333
69.997 -0.0812710812774032
71.0025 -0.08286855847287206
72.019 -0.08445110733925018
73.0075 -0.08601793190472218
74.0055 -0.08756946619462605
75.0025 -0.08910553890756287
76.0125 -0.09062617836714038
77.001 -0.09213046862232475
78.0015 -0.09362098229939635
79.0145 -0.09509447965206468
80.003 -0.09655368852546642
81.0025 -0.09799740689822979
82.0175 -0.09942563049209958
83.0055 -0.10083747111042127
83.9965 -0.10223516433596906
85.023 -0.10361763830113843
86.0125 -0.10498466801016136
86.9965 -0.10633546215547329
88.001 -0.10767165910256109
89.0075 -0.10899227828452066
89.995 -0.11029776549059123
91.0025 -0.11158645090593297
92.007 -0.1128613649779243
93.007 -0.11412066915974284
94.017 -0.11536499828554297
94.9955 -0.11659328404568374
96.016 -0.11780677535510202
97.0135 -0.11900486789426791
98.002 -0.12018851929460692
99.0045 -0.12135674517725219
100.0225 -0.12250988239122719
101.006 -0.12364776093239875
102.003 -0.12476997297674297
103.0025 -0.12587797637906856
104.0165 -0.12697097838247526
105.002 -0.12804852098323183
106.0185 -0.12911031826746133
107.018 -0.13015754868984122
108.0055 -0.13119035846513372
108.9995 -0.13220741299605065
110.0275 -0.13320958833717314
111.013 -0.134196153786778
112.002 -0.13516670950327536
113.001 -0.13612330075601334
114.016 -0.13706513383050734
115.002 -0.13799122298602293
116.011 -0.13890191526263082
117.026 -0.13979910250510125
118.0155 -0.1406805264092236
119.003 -0.14154638456123486
120.0035 -0.1423981199295862
121.0225 -0.14323481486657416
122.0025 -0.14405544220355815
123.0035 -0.144861660739563
124.0215 -0.14565319371062277
125.007 -0.14642896202672126
126.002 -0.1471902356607755
127.0005 -0.14793631964173543
128.021 -0.14866677366420541
129.0025 -0.14938273126113277
130.002 -0.15008430412547258
131.024 -0.15077023737179154
132.02 -0.1514406203088138
133.006 -0.15209622053954136
133.9955 -0.15273625589726753
135.0155 -0.15336180586541578
136.0185 -0.15397285402294447
137.003 -0.1545687279515343
138.021 -0.1551508092221216
139.0175 -0.15571727255773693
140.007 -0.1562676772926722
141.004 -0.1568045316834497
141.996 -0.15732636546095796
143.018 -0.15783329977836547
144.007 -0.15832485669255203
144.996 -0.158800873960332
146.0015 -0.1592624274521445
147.0185 -0.1597093515881217
148.0025 -0.16014119543950328
149.0235 -0.16055828301687172
150.011 -0.1609603582640458
150.9955 -0.1613475857958315
152.006 -0.16172023665445173
153.023 -0.16207846080291385
154.012 -0.16242154383024043
155.003 -0.16274918327373086
156.003 -0.16306154797770295
157.0215 -0.1633600893968111
158.015 -0.16364370660098265
158.9985 -0.16391253298837571
160.0 -0.16416645135054225
161.026 -0.1644061419114408
162.02 -0.16463029362173134
163.0125 -0.16484038526029218
163.997 -0.16503527880238691
165.0245 -0.1652155204607505
166.021 -0.16538129301504048
167.0085 -0.16553167865193935
168.013 -0.16566713340862574
168.998 -0.16578767045802015
170.0145 -0.16589384197241
171.027 -0.16598537065300145
172.0175 -0.1660617907541895
173.0005 -0.16612276538206644
174.022 -0.16617015526969722
175.0255 -0.16620259762105388
176.0155 -0.1662207325524075
176.9955 -0.1662234663514733
178.023 -0.16621190670629746
179.023 -0.16618600173552706
180.0025 -0.16614426460478243
181.0255 -0.166088757147032
182.022 -0.16601845441399618
183.0075 -0.16593358271461087
183.995 -0.16583354759240776
185.027 -0.16571935233553828
186.025 -0.16559052907799077
187.0155 -0.16544620643820443
187.998 -0.16528756635916433
189.0195 -0.16511503934203528
190.0245 -0.16492695791839934
191.0165 -0.16472484394726716
192.001 -0.16450850366191558
193.003 -0.1642777081602472
194.0185 -0.16403185220485386
195.011 -0.1637720674971308
196.003 -0.1634976949821419
197.019 -0.16320888853396723
198.0245 -0.16290447380998588
199.0215 -0.16258644076814402
200.004 -0.16225313925822954
201.0175 -0.16190622438023966
202.006 -0.16154480243950922
202.9985 -0.16116929266412533
204.0285 -0.1607785522310625
205.022 -0.16037314008310402
206.019 -0.15995372151803242
207.008 -0.1595203321058855
208.0035 -0.15907298876155118
209.022 -0.1586106821240746
210.019 -0.15813259609642816
211.0025 -0.15764061920795444
212.023 -0.15713415611011125
213.0075 -0.15661308230989066
214.012 -0.15607772030141337
214.996 -0.15552747331996042
216.012 -0.15496301051969963
217.018 -0.15438374639262076
218.009 -0.1537898834258805
219.007 -0.1531818819594593
220.007 -0.15255922812825073
221.005 -0.15192270612033626
222.016 -0.1512713366245003
223.023 -0.15060622006594715
224.019 -0.149926436115734
225.006 -0.14923278584963903
225.997 -0.14852430350792906
227.017 -0.14780109134685843
228.024 -0.14706431715896393
229.0145 -0.146313131737399
229.9955 -0.14554771697826224
231.028 -0.14476774818116256
232.02 -0.14397300229899285
233.012 -0.14316419703582928
233.998 -0.14234119346364685
235.013 -0.1415037197403977
236.0295 -0.14065142654191062
237.0245 -0.13978422536538535
238.013 -0.13890310968960456
239.0025 -0.1380087625109897
240.0235 -0.13709961553618139
241.0275 -0.1361764242425948
242.0255 -0.1352383111088015
243.014 -0.134286413571565
244.0035 -0.13332036122273497
245.004 -0.13234082175643305
246.019 -0.131346695122661
247.006 -0.13033779412643726
247.999 -0.1293155486862081
249.0275 -0.12827915448221439
250.013 -0.12722743308118328
251.002 -0.12616130709281617
252.008 -0.12508131935000052
253.0225 -0.12398806946178086
254.0095 -0.122880353122776
254.9975 -0.12175795552060777
256.0165 -0.12062249838887125
257.0085 -0.11947218076469028
257.9975 -0.11830762206894416
259.0225 -0.11712940586609194
260.0155 -0.11593664493484673
261.0025 -0.11472971521478563
262.022 -0.1135089952165938
263.0205 -0.11227345629611023
264.0095 -0.1110249307066817
265.0075 -0.1097615740391789
266.005 -0.10848481266640175
267.019 -0.10719350400468326
268.016 -0.10588805692515828
269.0095 -0.10456904397318925
270.006 -0.10323634675483966
271.0005 -0.10188866146929786
272.0185 -0.10052713745127115
273.0185 -0.09915228155008428
274.0105 -0.09776314162924432
275.008 -0.09636025116669075
276.0 -0.09494349508251083
277.0195 -0.09351282736975412
278.008 -0.09206722039979277
279.005 -0.09060778817029781
280.0165 -0.08913430677428563
281.0155 -0.08764721265979558
282.0 -0.08614641968492164
283.0235 -0.08463187235218432
284.011 -0.0831038693438045
284.997 -0.08156171282121542
286.024 -0.0800057911886464
287.0205 -0.07843594679266908
288.0095 -0.0768518095558176
289.0065 -0.07525360216599204
290.003 -0.07364199176738649
291.023 -0.07201730533217052
292.016 -0.07037915922478742
293.0065 -0.06872665044540271
293.9975 -0.06705985666964139
295.033 -0.06537913158522864
296.0275 -0.06368418768894844
297.0155 -0.06197528897768399
297.9995 -0.06025390713289369
299.031 -0.058518073242375644
300.022 -0.056767326349649636
301.008 -0.055002392546993406
302.011 -0.053224709464980334
303.0065 -0.05143293718509383
304.0385 -0.049627008421311736
305.0285 -0.04780790652732652
306.022 -0.04597490929152235
306.9985 -0.04412825106501354
308.0205 -0.04226749752217438
309.004 -0.040392598736637114
310.02 -0.038504479528641035
311.0 -0.0366015998322954
312.0265 -0.03468567240198294
313.0185 -0.032755077819110384
314.002 -0.030811496344987095
315.023 -0.028853952975880556
316.01 -0.026882661657766063
317.0025 -0.024897429001610214
318.0135 -0.02289911312861951
319.007 -0.0208867823434627
320.007 -0.018860345556884286
320.9965 -0.016820028275253734
322.0125 -0.014766022025492433
323.0045 -0.01269792231747304
324.0215 -0.01061660682907393
325.0095 -0.008520617178313495
325.9985 -0.006411413372883172
327.02 -0.004288440978439431
328.0135 -0.0021515331305379725
