27.996 -0.0
29.0015 -0.0001467045516243752
30.0025 -0.00027651542642848775
31.005 -0.00041516833907201834
31.9955 -0.0005372042595813177
32.9985 -0.0006679359646786457
34.0025 -0.0007820133642311988
34.998 -0.0009044012411112377
35.996 -0.0010104821794749731
37.003 -0.0011249693200624418
37.998 -0.0012227414730979595
39.0035 -0.0013301091614439445
39.996 -0.0014220905391192917
41.0015 -0.0015219564014144898
42.001 -0.001605816912646621
43.002 -0.001698129064566331
44.0105 -0.0017744031403140875
45.0085 -0.0018605693783125266
46.0145 -0.0019310988558116984
47.0 -0.0020105316369470605
47.996 -0.0020749422069346254
49.0025 -0.0021473740219135617
50.004 -0.0022050406019756344
51.0 -0.0022718043027815382
51.9965 -0.0023221845028962435
52.9975 -0.002383036614001237
54.0045 -0.0024277177984795423
55.0135 -0.002482186969385007
55.9985 -0.0025210471073109017
56.9985 -0.0025682278718832732
58.0175 -0.0026001560840587246
59.002 -0.0026420016212236747
59.999 -0.0026685582732835084
61.017 -0.0027048012040616354
62.0 -0.0027254620293614973
62.993 -0.002756503594524687
64.001 -0.0027724944977220306
65.0035 -0.0027975841064574597
66.02 -0.0028073304044424624
66.997 -0.0028274097665572234
67.999 -0.002831343595532443
69.0175 -0.002845082331833365
69.9955 -0.0028428496147135246
71.0025 -0.0028520663003197
72.015 -0.0028445798589169097
73.0025 -0.002848002476261935
73.994 -0.002835245430135372
75.024 -0.0028327781431897042
76.0165 -0.002815427572347498
77.002 -0.0028081758984107724
78.0145 -0.0027845909435052774
79.0025 -0.0027728794120312344
80.022 -0.002744995539320408
81.0105 -0.002727598075584245
82.009 -0.002694561512599891
83.0025 -0.0026718997511439024
84.029 -0.0026338333699883476
85.027 -0.002606936657588793
86.0205 -0.002565089568473386
87.0125 -0.002534037779898246
88.001 -0.0024871714885932733
89.004 -0.0024509057308575583
90.029 -0.002400945958582437
91.0255 -0.0023604164677783757
92.0225 -0.0023045718374105767
93.009 -0.002260206379508356
94.0125 -0.0022001792919413565
94.996 -0.002150376881407484
96.028 -0.0020859985763208855
97.0165 -0.0020326468402694226
98.0015 -0.0019642211340698823
99.0255 -0.0019072098097838164
100.022 -0.001834438334950353
101.013 -0.0017728248791097218
102.0105 -0.001695946932830289
102.9955 -0.0016317554638586307
104.0295 -0.0015523188005776845
105.021 -0.001482865411230272
106.0095 -0.0013985171646699601
107.006 -0.0013266879966450096
108.017 -0.0012392908082801135
109.011 -0.00116382133534923
109.998 -0.001072768058822643
111.005 -0.0009931352371722324
112.0265 -0.0008986429159878739
113.028 -0.0008159434212852978
114.022 -0.0007184498459492927
115.0105 -0.0006325708987131584
116.006 -0.0005315813949267889
117.023 -0.0004423857707765988
118.004 -0.00033806713751954875
119.029 -0.00024555256640956813
120.024 -0.00013774353807458062
121.0115 -4.221564061171468e-05
122.0085 6.832193276118392e-05
123.0095 0.0001654508671738164
124.018 0.0002783722304509628
125.0085 0.0003792527550753044
126.0105 0.0004953909523661149
126.9975 0.0005977243995326786
127.9975 0.0007161187256306545
129.025 0.0008224687068952574
130.02 0.000943929218470474
131.001 0.0010521141714427973
132.0295 0.0011753688020210429
133.017 0.0012867705003725693
133.9995 0.0014132856513465464
135.0275 0.0015263345012840879
136.027 0.0016541491099613947
137.017 0.0017698000181443074
138.0025 0.001901333729092014
139.0125 0.0020194671486325477
139.9995 0.00215271751277743
141.027 0.002272724935796333
142.016 0.0024066737292764984
142.995 0.0025281336443561953
144.031 0.002664782725656234
145.0165 0.002787997988172475
146.004 0.0029257018887569874
147.02 0.003051843899533807
148.007 0.003192900257729725
149.008 0.0033198988317659772
150.0075 0.0034617863902589308
151.0165 0.0035898210419092746
151.996 0.0037338846405036707
153.0305 0.003863653423011093
154.025 0.004007906995117466
155.024 0.004139737214349376
156.024 0.004288248901977987
157.0095 0.004422262778401326
158.011 0.004570369934391055
158.998 0.00470488378642861
160.0015 0.004853805305282566
161.0215 0.004988012517760487
162.0165 0.005137283018298411
162.9995 0.00527207163099605
164.032 0.005422496843727226
165.027 0.0055594578205978296
166.018 0.005711544131330543
167.007 0.005849534956068825
168.0025 0.006002315431430871
169.033 0.006141439033551799
170.026 0.00629425811777895
171.0255 0.006432030926778687
172.0225 0.006585513243362845
173.0085 0.006725266558645193
174.0055 0.0068796908126189105
175.022 0.007019411738680509
176.0105 0.007174431593722136
177.003 0.00731431355942716
177.998 0.007469085552510302
179.0245 0.007608515292865992
180.022 0.007763651818671891
181.0135 0.007904531474181992
182.006 0.008059647140711168
183.023 0.008199587512452616
184.0075 0.008355119750581036
185.009 0.008495658518229005
186.01 0.008650466945131663
187.017 0.008790613904539973
188.002 0.00894512488684629
188.999 0.009084621592397313
190.0225 0.009238548837054827
191.0045 0.009378111954855384
191.998 0.009531809733554664
193.023 0.009670641591064344
194.0065 0.009824316534787297
194.9975 0.00996241613641291
196.003 0.01011546377125902
197.0275 0.010253216870049625
198.0245 0.010406061932176941
199.0165 0.010543066940855356
200.0135 0.0106947495600076
201.0025 0.010830767123355456
202.0215 0.010981029025430716
203.006 0.0111153592733223
204.011 0.01126552309664805
204.9975 0.011399412831141098
206.022 0.011546067901096524
207.0105 0.011677521915789968
208.0065 0.011823304464017692
209.0085 0.01195387418927879
210.006 0.012099691694361814
211.014 0.012228444117196646
212.0085 0.012371801857846365
213.0105 0.012498751532381114
213.9955 0.01264031618267697
215.023 0.012766799373307353
216.011 0.01290840616622918
217.003 0.01303337519900763
217.9995 0.013172851246916806
219.0235 0.013295520083860757
220.012 0.013432198096009457
221.0025 0.013552798467500043
222.004 0.013688378618420205
223.0265 0.01380703090215707
224.028 0.013939914730380809
225.025 0.01405562332930943
226.016 0.01418662245120611
227.01 0.014301586187254273
228.012 0.014429971243448886
229.0115 0.014542319504246448
230.001 0.014669204035786781
231.024 0.014778657205329504
232.023 0.014902368618297607
233.0125 0.015008590047014936
233.997 0.015130881124695406
235.025 0.015236141561195765
236.0245 0.015355065069307255
237.02 0.015457265166532619
238.0065 0.015573524544702622
239.0065 0.015672140112472477
240.008 0.01578527491513801
241.008 0.015881463395485712
242.0155 0.01599214263617657
243.001 0.01608391460427494
244.0295 0.016189630326513604
245.0245 0.016278582531662616
246.0105 0.01638193526521789
247.007 0.01646760959547275
248.011 0.016567548251811115
249.0045 0.01664937865077812
250.019 0.016746723064904823
251.0295 0.01682527543921672
252.023 0.016918177605602935
253.0055 0.016992787134477355
253.996 0.017081839322952833
255.022 0.017152825697860363
256.018 0.017238559323040942
257.0035 0.017307194637725593
258.0175 0.01738955103355186
259.022 0.01745270190474431
260.013 0.01753074930397927
261.0015 0.017590762463563586
262.0195 0.017664053287945486
263.013 0.017718683145373837
263.999 0.01778791730505215
265.0105 0.017837907565379757
266.0195 0.017902938867649737
267.0045 0.017949491609065185
268.025 0.018010281758234575
269.009 0.01805106388839882
270.0075 0.018107033708790757
271.006 0.018144233531034143
271.995 0.018196030520247347
273.002 0.018228290627270397
274.0155 0.01827493538946416
275.007 0.01830252246926012
276.006 0.018343422004442847
277.0055 0.018365311207489507
278.002 0.01840085195684106
279.0 0.018417530158617135
280.013 0.018449009801743535
280.999 0.0184606209841765
282.021 0.018486011416248074
283.0155 0.018492364905118283
283.9975 0.01851192871909306
285.0165 0.018511828458107282
286.0195 0.01852619093256251
287.003 0.018521240009511705
288.024 0.01853034100530611
289.0225 0.018519613930828183
290.011 0.018522580866302776
291.0045 0.01850534542085293
292.0135 0.018501826465985652
293.02 0.018479399805240077
294.01 0.018471293922555282
295.007 0.018443053522792754
296.005 0.018427760651918257
297.0245 0.0183933061666781
298.0165 0.018372845698845446
299.0055 0.018331052231016345
299.998 0.018303911879460358
301.0295 0.018256964889881995
302.02 0.018224667429147898
303.0075 0.018170853213517343
304.013 0.018129996692065713
304.998 0.018069541618953064
306.0335 0.018023452014097177
307.025 0.017956309115344987
308.014 0.017903896652967453
308.9985 0.017830350736431445
310.0295 0.017770983848661923
311.0245 0.017689447358084705
312.0175 0.01762340616496754
312.9975 0.017534720151566784
314.0325 0.01746091659137436
315.023 0.01736551587800834
316.013 0.01728520669562588
316.997 0.01718351870800387
318.0315 0.017095320701202465
319.019 0.016986071313153026
320.008 0.01689024924257483
321.0085 0.016773017692420237
321.9975 0.016669017130337554
323.0175 0.016543790590769387
324.008 0.016432774638330157
325.0055 0.016300452032479255
326.032 0.016181569554496917
327.0215 0.016041528260496568
328.0055 0.015914887128583632
