!---------------------------------------------------------------------------------
!SCANNED AXIS: Motor5
!KIND OF MOVEMENT: Absolute
!START POSITION: 28.0270 mm
!STOP POSITION: 327.9970 mm
!NUMBER OF STEPS: 300
!STEP VALUE: 1.0 mm
!SCAN TIME: 0.1 s
!---------------------------------------------------------------------------------

28.0270 -0.0029395021759953616   -1510.4    -238.1
29.0005 -0.0029262334739037226   -1502.6    -235.8
30.0045 -0.0029125066482720884   -1494.6    -239.1
31.0005 -0.0028992144442159637   -1486.8    -236.4
32.0160 -0.002886287911928608   -1479.2    -235.2
33.0040 -0.0028732056884085014   -1471.6    -238.7
34.0025 -0.0028602811872485787   -1464.0    -232.4
35.0095 -0.0028473189912160304   -1456.5    -236.0
36.0065 -0.0028344134914933526   -1448.9    -235.6
37.0195 -0.002821487978262333   -1441.4    -231.1
37.9970 -0.0028083606914413297   -1433.7    -236.1
39.0210 -0.002795272233422414   -1426.0    -231.8
40.0115 -0.0027825422828207397   -1418.6    -230.7
41.0065 -0.002769879432734021   -1411.2    -234.0
42.0105 -0.002756528970663214   -1403.4    -228.1
43.0060 -0.0027437237678829937   -1395.9    -231.1
44.0115 -0.002730922525862314   -1388.4    -230.9
45.0050 -0.0027185354700659057   -1381.2    -226.8
46.0050 -0.0027055241541038195   -1373.6    -229.8
47.0085 -0.0026923897321922204   -1365.9    -227.3
48.0060 -0.002679381964490834   -1358.3    -225.7
49.0195 -0.002666483786050857   -1350.7    -227.7
50.0190 -0.002653582466731769   -1343.2    -223.2
50.9980 -0.002641046058168527   -1335.9    -226.2
52.0315 -0.0026277037809714736   -1328.1    -225.5
53.0140 -0.002615077286064454   -1320.7    -221.1
54.0065 -0.0026019958428857444   -1313.0    -225.8
55.0095 -0.0025889467382035456   -1305.4    -222.8
56.0030 -0.002576070763878825   -1297.9    -221.0
57.0165 -0.0025627434191444805   -1290.1    -223.3
58.0210 -0.002550032345347944   -1282.7    -218.6
59.0040 -0.0025373344169567287   -1275.2    -220.4
60.0280 -0.0025243721141202688   -1267.7    -220.8
61.0155 -0.002511587669793426   -1260.2    -215.5
62.0030 -0.0024982975243354917   -1252.4    -219.5
63.0030 -0.002485553837755858   -1245.0    -216.4
64.0125 -0.0024723709791880694   -1237.3    -213.3
65.0065 -0.0024595631935548407   -1229.8    -217.9
66.0205 -0.002446485445892599   -1222.1    -212.5
66.9990 -0.002433211411931439   -1214.4    -213.1
68.0070 -0.002420299508273056   -1206.8    -214.1
69.0095 -0.002407132559288544   -1199.1    -209.9
70.0050 -0.002393962097377289   -1191.4    -214.0
71.0270 -0.002380453938619713   -1183.5    -211.8
72.0130 -0.0023674822539288274   -1175.9    -208.4
73.0030 -0.0023543146767233984   -1168.2    -212.3
74.0100 -0.002341099244760821   -1160.5    -208.1
75.0045 -0.0023281103564747213   -1152.9    -207.5
76.0275 -0.0023143435477111104   -1144.9    -208.6
77.0105 -0.002301322695046258   -1137.3    -203.2
78.0035 -0.0022880907661266344   -1129.5    -206.6
79.0260 -0.00227437622036401   -1121.5    -204.6
80.0150 -0.002261542389538643   -1114.0    -200.8
80.9995 -0.002248360714311512   -1106.3    -204.8
82.0200 -0.002234987533746733   -1098.5    -200.6
83.0000 -0.0022216106910920227   -1090.7    -199.7
84.0250 -0.0022077588706297373   -1082.6    -202.0
85.0125 -0.0021946169427453886   -1074.9    -197.3
86.0010 -0.00218132922756328   -1067.1    -200.2
87.0235 -0.002167863741073362   -1059.2    -198.8
88.0095 -0.002154406612466713   -1051.4    -194.8
89.0040 -0.002140786204453087   -1043.4    -199.4
90.0020 -0.0021277899899441724   -1035.8    -195.8
91.0155 -0.0021139453203233745   -1027.7    -193.8
91.9995 -0.0021002500393098545   -1019.7    -198.0
93.0190 -0.002086816252929473   -1011.9    -192.6
94.0160 -0.002072911184530215   -1003.7    -193.4
95.0015 -0.0020595402316014593    -995.9    -195.9
96.0210 -0.002046267290653316    -988.2    -189.2
97.0155 -0.0020323901288662335    -980.0    -193.1
97.9985 -0.002018864124310821    -972.1    -192.3
99.0300 -0.002004756158053589    -963.9    -187.8
100.0170 -0.00199100513418252    -955.8    -192.4
100.9960 -0.0019776369690288945    -948.0    -188.3
102.0195 -0.001963993051348518    -940.1    -186.6
102.9965 -0.0019505941415203858    -932.2    -189.7
104.0170 -0.0019367058845923839    -924.1    -183.9
104.9990 -0.0019232506272763357    -916.2    -187.2
106.0210 -0.001909063825745554    -907.9    -186.4
107.0030 -0.0018955091559278553    -900.0    -182.6
108.0200 -0.001881741092190226    -892.0    -185.7
108.9970 -0.0018683094831642376    -884.1    -183.7
110.0190 -0.001854017396768236    -875.8    -180.5
110.9955 -0.001840381898631375    -867.8    -185.0
112.0300 -0.001826458032950359    -859.7    -178.8
113.0120 -0.001812618439255449    -851.6    -181.1
114.0055 -0.001798591533636616    -843.4    -182.6
115.0310 -0.0017849393948852423    -835.4    -176.2
116.0155 -0.0017709679457859155    -827.2    -181.1
116.9990 -0.0017571493211643193    -819.1    -178.8
118.0350 -0.0017424877251799615    -810.6    -175.2
119.0235 -0.0017286531017753559    -802.5    -178.5
120.0000 -0.0017150197053403572    -794.5    -174.4
121.0175 -0.0017008892086735742    -786.2    -175.0
121.9985 -0.0016869900064640844    -778.1    -176.8
123.0310 -0.0016725172666120377    -769.7    -170.1
124.0235 -0.0016584795688810512    -761.5    -174.2
125.0035 -0.0016449282112314942    -753.5    -172.6
126.0205 -0.001630793328031355    -745.3    -169.2
127.0005 -0.0016165473885717627    -736.9    -173.4
128.0250 -0.0016020878831298332    -728.5    -167.5
129.0060 -0.0015879897626512936    -720.2    -169.5
130.0070 -0.0015740574082443392    -712.1    -170.5
131.0160 -0.0015597202839610581    -703.7    -165.4
131.9970 -0.0015456345721731911    -695.5    -170.6
133.0100 -0.0015309466646358791    -686.9    -167.9
133.9950 -0.001517009908002235    -678.7    -164.7
135.0210 -0.0015024117874319616    -670.2    -168.1
135.9995 -0.0014887076778507028    -662.2    -164.2
137.0165 -0.001474149936310407    -653.7    -162.4
138.0005 -0.001459941347767334    -645.4    -164.8
139.0260 -0.001445327785150099    -636.8    -157.9
140.0120 -0.001431059950552982    -628.5    -161.1
140.9995 -0.0014164981060709773    -620.0    -160.8
142.0285 -0.001401655385882827    -611.3    -155.1
143.0110 -0.0013875730645247374    -603.1    -159.7
144.0020 -0.0013731976044798115    -594.7    -156.4
145.0295 -0.0013582748500661035    -585.9    -153.7
146.0115 -0.0013440189994831087    -577.6    -156.6
146.9960 -0.0013299399436502671    -569.4    -152.0
148.0130 -0.0013151558050233944    -560.7    -153.8
148.9955 -0.0013011521071577133    -552.6    -154.0
150.0275 -0.0012860133116735985    -543.7    -148.5
151.0085 -0.001271372322159688    -535.1    -153.3
152.0035 -0.001256826752207072    -526.6    -150.6
153.0290 -0.0012419563666814838    -517.9    -147.8
154.0095 -0.001227595084366037    -509.6    -151.3
155.0065 -0.0012128904027535344    -501.0    -146.1
156.0050 -0.0011982475375534255    -492.4    -148.4
157.0215 -0.0011831784655427272    -483.6    -148.5
158.0025 -0.0011689661721702286    -475.3    -143.9
159.0140 -0.0011540472699017664    -466.6    -147.1
160.0000 -0.0011393428218204093    -458.0    -145.8
161.0310 -0.0011242394454208373    -449.1    -142.2
162.0160 -0.0011093456510430884    -440.4    -146.0
162.9955 -0.0010944199937597393    -431.7    -141.7
164.0245 -0.001079617801907942    -423.0    -141.0
165.0110 -0.0010647540425326313    -414.4    -143.2
166.0050 -0.0010499941299315682    -405.7    -138.7
167.0275 -0.0010347601528082886    -396.8    -141.3
168.0165 -0.0010199482770496357    -388.2    -139.9
169.0015 -0.0010056992092637833    -379.8    -137.5
170.0240 -9.905202646782632E-4    -371.0    -140.4
171.0070 -9.759905565159343E-4    -362.5    -135.8
172.0070 -9.608147862825263E-4    -353.6    -137.0
173.0030 -9.45417126468714E-4    -344.6    -138.8
174.0255 -9.302366793464831E-4    -335.7    -133.0
175.0065 -9.155826453242473E-4    -327.2    -137.2
176.0010 -9.006347421349999E-4    -318.4    -135.6
177.0385 -8.853862139320014E-4    -309.5    -131.6
178.0185 -8.702163346719322E-4    -300.6    -136.2
178.9950 -8.554034733469693E-4    -292.0    -132.1
180.0220 -8.395667511786867E-4    -282.7    -131.3
181.0015 -8.24989917799395E-4    -274.2    -133.6
182.0180 -8.093034642159298E-4    -265.0    -127.9
183.0005 -7.943246126741213E-4    -256.3    -132.2
184.0305 -7.791143589349401E-4    -247.4    -129.1
185.0160 -7.638281860361066E-4    -238.4    -126.2
185.9965 -7.489076333585764E-4    -229.7    -130.9
187.0360 -7.33208474265685E-4    -220.5    -125.0
188.0265 -7.180088773906824E-4    -211.6    -125.1
189.0140 -7.027966366873839E-4    -202.8    -127.7
190.0035 -6.883266492910507E-4    -194.3    -123.1
191.0315 -6.722762639162687E-4    -184.9    -125.0
192.0210 -6.569701926771019E-4    -176.0    -124.8
193.0055 -6.417719992056415E-4    -167.1    -122.3
194.0020 -6.261843411892737E-4    -158.0    -125.9
195.0045 -6.107648707419652E-4    -149.0    -122.3
196.0145 -5.952924025498824E-4    -139.9    -120.1
196.9965 -5.797249477939446E-4    -130.8    -123.6
198.0185 -5.642335060819079E-4    -121.8    -117.6
198.9965 -5.489079354291655E-4    -112.8    -119.4
200.0135 -5.328569786311096E-4    -103.4    -119.3
200.9990 -5.17857992623036E-4     -94.6    -114.1
202.0170 -5.02323552468008E-4     -85.6    -117.4
203.0005 -4.8671337168268463E-4     -76.4    -115.0
204.0135 -4.709372070838356E-4     -67.2    -111.8
205.0010 -4.5551703682485486E-4     -58.2    -116.3
206.0295 -4.3981869013537715E-4     -49.0    -110.2
207.0110 -4.2424309426816406E-4     -39.9    -111.3
207.9965 -4.0854705217904384E-4     -30.7    -113.8
209.0140 -3.928113589122537E-4     -21.5    -107.4
210.0015 -3.772216557490309E-4     -12.4    -111.7
211.0230 -3.613673594938912E-4      -3.2    -109.4
212.0060 -3.45997477934383E-4       5.8    -106.5
213.0055 -3.3003246721948035E-4      15.2    -110.9
214.0325 -3.137998952162044E-4      24.7    -105.8
215.0170 -2.984947573336473E-4      33.6    -105.3
215.9975 -2.827850339039836E-4      42.8    -108.9
217.0230 -2.6653212896207153E-4      52.3    -102.6
218.0010 -2.5067759816107524E-4      61.6    -105.2
219.0110 -2.3453979702147277E-4      71.0    -105.2
220.0070 -2.1866560994633633E-4      80.3    -100.7
221.0015 -2.0251950913781E-4      89.7    -105.3
222.0180 -1.8608634366714356E-4      99.3    -101.2
223.0010 -1.7012393749250653E-4     108.6    -100.0
224.0135 -1.5421187821937737E-4     117.9    -102.7
224.9960 -1.3880714010063144E-4     127.0     -98.0
226.0155 -1.221805587734161E-4     136.7     -99.4
227.0060 -1.0675944173559926E-4     145.7    -100.5
227.9960 -9.052876430132993E-5     155.2     -95.6
229.0185 -7.422223965979755E-5     164.7     -99.1
229.9990 -5.8246285458251645E-5     174.0     -97.4
231.0160 -4.213470781243538E-5     183.5     -93.8
232.0000 -2.5915506823518336E-5     192.9     -98.4
233.0255 -9.401113141572515E-6     202.6     -92.8
234.0050 6.605835355503525E-6     212.0     -93.9
235.0165 2.2753121441919902E-5     221.4     -95.8
236.0015 3.840901962016812E-5     230.6     -90.8
237.0275 5.54490121185543E-5     240.5     -93.8
238.0120 7.168631648096144E-5     250.0     -92.7
239.0055 8.787287692073834E-5     259.5     -89.2
240.0315 1.0468186464988124E-4     269.3     -92.6
241.0155 1.2079443917599701E-4     278.7     -89.0
241.9955 1.3684674424333028E-4     288.1     -88.2
243.0195 1.5326016292762073E-4     297.7     -90.5
244.0005 1.6923724585987107E-4     307.0     -85.8
245.0140 1.8602350112435358E-4     316.8     -87.4
246.0035 2.0243959913220137E-4     326.4     -88.2
247.0305 2.1893316331473802E-4     336.1     -82.0
248.0185 2.3535000770203226E-4     345.7     -86.6
249.0015 2.5133192581978356E-4     355.0     -84.1
250.0130 2.677782398412468E-4     364.6     -81.7
250.9975 2.844785050962684E-4     374.4     -86.3
252.0285 3.015450157789901E-4     384.4     -80.1
253.0105 3.1798834026954334E-4     394.0     -82.2
253.9980 3.3448828210344084E-4     403.6     -83.9
255.0115 3.5098405551791095E-4     413.3     -77.8
256.0020 3.6723029523568385E-4     422.8     -82.0
257.0110 3.8384162963670703E-4     432.5     -79.4
258.0040 4.005350929363705E-4     442.3     -76.0
259.0210 4.1778573670784626E-4     452.3     -78.7
259.9985 4.3398887272770673E-4     461.8     -74.2
261.0140 4.5048916217180175E-4     471.5     -74.1
262.0050 4.6717562886558435E-4     481.2     -75.9
263.0210 4.839187279649966E-4     491.0     -69.3
264.0060 5.005669524802407E-4     500.7     -73.0
265.0060 5.174455771634728E-4     510.6     -72.1
266.0300 5.34789865460916E-4     520.7     -66.9
267.0170 5.514739970365909E-4     530.5     -71.3
268.0000 5.677266590285579E-4     540.0     -67.9
269.0130 5.844875671075162E-4     549.8     -66.7
270.0010 6.017929323930746E-4     559.9     -69.6
271.0185 6.184467242302419E-4     569.6     -63.1
272.0010 6.350427229157347E-4     579.3     -67.0
273.0210 6.524633332406409E-4     589.5     -66.1
274.0005 6.687968738503538E-4     599.1     -62.0
275.0165 6.862640350592681E-4     609.3     -65.5
276.0000 7.026411969681031E-4     618.9     -63.5
277.0140 7.195226834042026E-4     628.7     -60.3
278.0030 7.367348102719121E-4     638.8     -64.7
279.0230 7.538755799429486E-4     648.8     -58.7
280.0045 7.704085478931768E-4     658.5     -60.2
281.0125 7.878853465949941E-4     668.7     -62.0
282.0030 8.047049426448439E-4     678.5     -57.1
283.0210 8.2200772884069E-4     688.6     -59.9
284.0025 8.387845664949214E-4     698.5     -59.4
285.0135 8.559249203614292E-4     708.5     -54.4
286.0010 8.734064191783948E-4     718.7     -59.1
287.0275 8.91315286066907E-4     729.2     -54.7
288.0075 9.080028337610303E-4     738.9     -53.9
288.9960 9.252180847772547E-4     749.0     -57.6
290.0285 9.421577266396527E-4     758.9     -51.2
291.0145 9.593930971784939E-4     769.0     -53.9
291.9955 9.763678019200514E-4     778.9     -54.9
293.0205 9.943725458099314E-4     789.4     -49.0
294.0020 0.0010115452183817818     799.5     -53.9
295.0120 0.001028968728464316     809.6     -51.7
295.9970 0.0010461163434302898     819.7     -49.7
297.0205 0.001063807249527568     830.0     -52.8
298.0060 0.0010813485596109303     840.3     -48.3
299.0070 0.0010991713937001876     850.7     -49.3
299.9970 0.001116435112233638     860.8     -51.3
301.0175 0.0011340371326559312     871.1     -44.6
302.0005 0.0011512502181580603     881.1     -48.4
303.0180 0.0011693344876584485     891.7     -46.3
303.9965 0.0011863270792780575     901.6     -43.8
305.0135 0.0012044377315795357     912.2     -47.0
306.0025 0.0012212495508760134     922.0     -42.9
307.0250 0.0012397024980828559     932.8     -42.1
308.0010 0.0012566779447716957     942.8     -44.8
309.0110 0.0012747024636583512     953.3     -39.1
310.0055 0.0012920502628296078     963.4     -43.1
311.0245 0.00131062106766545     974.3     -41.3
312.0060 0.0013277723275245364     984.3     -37.7
312.9975 0.0013455419976960675     994.7     -42.6
314.0200 0.0013636423897890313    1005.3     -38.5
315.0060 0.0013812204843538839    1015.6     -38.1
316.0005 0.0013990297536147734    1026.0     -40.7
317.0025 0.0014169707511628542    1036.5     -35.4
318.0025 0.0014347912558719837    1046.9     -37.8
319.0125 0.0014529033890756545    1057.5     -37.1
319.9955 0.0014701264167887606    1067.5     -31.8
321.0155 0.0014886081344141135    1078.3     -34.7
321.9960 0.0015062317917437374    1088.6     -32.6
323.0110 0.001524087290985871    1099.1     -29.5
323.9960 0.0015420380333696863    1109.6     -33.4
325.0060 0.0015600074300359478    1120.1     -28.2
325.9970 0.001578256192340348    1130.8     -29.4
327.0115 0.00159684412479518    1141.6     -30.2
327.9970 0.0016140598124489652    1151.7     -25.4
