27.996 -0.0
29.0015 -0.0001288055132027217
30.0025 -0.00024019299322524876
31.005 -0.00036088638048015556
31.9955 -0.00046414347675881665
32.9985 -0.0005756380676870711
34.0025 -0.0006710001858794921
34.998 -0.0007738267054551943
35.996 -0.0008610808026490759
37.003 -0.0009568008366238889
37.998 -0.001036178347756874
39.0035 -0.0011257022445825791
39.996 -0.0011997255371921159
41.0015 -0.0012809746962762006
42.001 -0.0013467346875447456
43.002 -0.0014219657422935156
44.0105 -0.0014812220378361135
45.0085 -0.001550416103177514
46.0145 -0.0016031878435552108
47.0 -0.0016652101493846994
47.996 -0.0017094653062719317
49.0025 -0.0017647307008832602
50.004 -0.0018044414191531674
51.0 -0.0018530872553856118
51.9965 -0.001885744557734055
52.9975 -0.0019285111593709686
54.0045 -0.001956125609428115
55.0135 -0.0019933697138182493
55.9985 -0.0020148730442531987
56.9985 -0.0020453145049599275
58.0175 -0.002059964712480808
59.002 -0.002084849473990083
59.999 -0.0020947969742809297
61.017 -0.002114536470453246
62.0 -0.0021184024740359964
62.993 -0.0021335323616748364
64.001 -0.0021325609727272515
65.0035 -0.002142282547466179
66.02 -0.0021361380062903945
66.997 -0.0021396278359902404
67.999 -0.002127272783251935
69.0175 -0.0021261189918933415
69.9955 -0.0021091122774032217
71.0025 -0.0021022304728720714
72.015 -0.002080420339250197
73.0025 -0.0020688609047221918
73.994 -0.0020420111946260616
75.024 -0.0020256849075628858
76.0165 -0.001993925367140381
77.002 -0.0019712916223247473
78.0145 -0.0019348812993963543
79.0025 -0.001908428152064684
80.022 -0.0018676865254664277
81.0105 -0.0018369443982298034
82.009 -0.0017907074920995997
83.0025 -0.0017545651104212828
84.029 -0.001704275335969077
85.027 -0.0016652443011384438
86.0205 -0.0016107690101613836
87.0125 -0.0015660346554733084
88.001 -0.0015067031025610966
89.004 -0.0014582787845206502
90.029 -0.0013947224905912353
91.0255 -0.0013408404059329915
92.0225 -0.0012731869779243205
93.009 -0.0012169031597428492
94.0125 -0.0011456442855429794
94.996 -0.0010843200456837482
96.028 -0.0010082013551020313
97.0165 -0.0009436633942679212
98.0015 -0.0008646842946069266
99.0255 -0.0007967596772521929
100.022 -0.0007137463912271907
101.013 -0.0006424534323987569
102.0105 -0.0005554939767429823
102.9955 -0.0004813018790685575
104.0295 -0.0003921083824752758
105.021 -0.0003139389832318429
106.0095 -0.00022002426746134396
107.006 -0.00013901968984122992
108.017 -4.359446513371723e-05
109.011 4.110800394935277e-05
109.998 0.00014068966282684836
111.005 0.00022840021322198534
112.0265 0.00033212049672462496
113.028 0.000422830743986663
114.022 0.000528299169492652
115.0105 0.0006225280139770528
116.006 0.0007321537373691789
117.023 0.0008278089948987322
118.004 0.000939227590776387
119.029 0.0010387329387651356
120.024 0.0011523610704137766
121.0115 0.0012535516334258312
122.0085 0.0013708097964418298
123.0095 0.0014749972604369832
124.018 0.0015938702893772139
125.0085 0.001701529473278729
126.0105 0.0018236833392245022
126.9975 0.001932548358264563
127.9975 0.0020570433357945672
129.025 0.0021690582388672053
130.02 0.0022954578745273957
131.001 0.0024095171282084438
132.0295 0.0025391266911861943
133.017 0.002656041960458627
133.9995 0.002788522102732449
135.0275 0.0029070081345841936
136.027 0.0030399959770555096
137.017 0.003160680948465666
138.0025 0.0032951585778783765
139.0125 0.003417275742263054
139.9995 0.003555451507327778
141.027 0.003678699716550271
142.016 0.003816968539042037
142.995 0.003942658621634509
144.031 0.004083726107447949
145.0165 0.004211355839668002
146.004 0.004353449347855476
147.02 0.004482693961878309
148.007 0.004627018860496712
149.008 0.004757122183128265
150.0075 0.004902237835954171
151.0165 0.005034224004168503
151.996 0.005180786845548263
153.0305 0.005312798977086142
154.025 0.005459952229759563
155.024 0.005594570886269135
156.024 0.0057444642822970515
157.0095 0.005879203333188893
158.011 0.00602886659901733
158.998 0.006164843261624281
160.0015 0.006315727949457728
161.0215 0.006452363238559189
162.0165 0.006604537378268632
162.9995 0.0067412943397077985
164.032 0.0068932493976130715
165.027 0.007031378439249503
166.018 0.007183976584959506
167.007 0.007322984848060626
168.0025 0.007476923991374257
169.033 0.007616803191979854
170.026 0.00777104792758998
171.0255 0.00791045889699854
172.0225 0.008064978445810472
173.0085 0.008205966017933553
174.0055 0.008360538330302758
175.022 0.0085010808289461
176.0105 0.008655930747592494
177.003 0.008796705148526679
177.998 0.008951772993702534
179.0245 0.009091709264472947
180.022 0.009247477695217554
181.0135 0.009387539352967988
182.006 0.009542396286003813
183.023 0.00968234553538913
184.0075 0.009837458207592242
185.009 0.009977254164461713
186.01 0.010131678122009213
187.017 0.010271624811795554
188.002 0.010425888940835654
188.999 0.010564563157964696
190.0225 0.01071879178160065
191.0045 0.010857076552732825
191.998 0.011009587638084406
193.023 0.011146577589752793
194.0065 0.011298627995146138
194.9975 0.011434630302869175
196.003 0.011585220417858089
197.0275 0.011720268366032766
198.0245 0.011870924590014098
199.0165 0.012005222481855982
200.0135 0.012154788841770459
201.0025 0.012287492469760325
202.0215 0.012434703160490779
203.006 0.012566025585874663
204.011 0.012712578668937491
204.9975 0.012843326916895964
206.022 0.01298808158196757
207.0105 0.013116331194114483
208.0065 0.013258534738448818
209.0085 0.013385225025925401
210.006 0.013527694703571819
211.014 0.013653080142045554
212.0085 0.013792951789888735
213.0105 0.013916957790109347
213.9955 0.014055251998586621
215.023 0.014177955125039582
216.011 0.014314874070300354
217.003 0.01443561921437922
217.9995 0.014570963198119485
219.0235 0.014689468902540692
220.012 0.014822626971749242
221.0025 0.014939177629663736
222.004 0.015070575775499695
223.0265 0.015184245884052844
224.028 0.015312583384265999
225.025 0.015423311650360955
226.016 0.015548871992070945
227.01 0.015658186853141576
228.012 0.015781063741036078
229.0115 0.015887375512601
230.001 0.016007916621737756
231.024 0.01611153721883743
232.023 0.01622993490100713
233.0125 0.016330416214170723
233.997 0.016445095836353146
235.025 0.01654327090960231
236.0245 0.016656265458089375
237.02 0.016752192134614652
238.0065 0.01686203331039543
239.0065 0.016953629989010288
240.008 0.0170600264638186
241.008 0.01714849375740518
242.0155 0.0172518828911985
243.001 0.01733708292843497
244.0295 0.01743643777726503
245.0245 0.01751780074356693
246.0105 0.01761375087733899
247.007 0.01769200337356272
248.011 0.017783600313791892
249.0045 0.017857371017785617
250.019 0.01794646891881671
251.0295 0.01801749640718381
252.023 0.01810238564999947
253.0055 0.018168561038219136
253.996 0.018249202877223994
255.022 0.018312051979392216
256.018 0.018387960611128726
257.0035 0.018446257235309696
258.0175 0.01851879493105582
259.022 0.01857251263390805
260.013 0.01864077506515327
261.0015 0.018690733785214367
262.0195 0.01875448278340619
263.013 0.018800076703889765
263.999 0.0188586572933183
265.0105 0.018899094460821095
266.0195 0.018952936333598236
267.0045 0.018988850995316733
268.025 0.01903890407484171
269.009 0.01906904702681074
270.0075 0.019112874245160325
271.006 0.019138715530702136
271.995 0.01917839554872884
273.002 0.0191984389499157
274.0155 0.01923276637075566
275.007 0.019247862333309246
276.006 0.019276823917489153
277.0055 0.019285733130245855
278.002 0.01930958160020721
279.0 0.019314271329702176
280.013 0.019333010225714348
280.999 0.01933139384020441
282.021 0.01934347631507835
283.0155 0.01933634064781567
283.9975 0.019342660656195484
285.0165 0.01932865767878457
286.0195 0.01932841981135358
287.003 0.01930913370733091
288.024 0.019304140444182397
289.0225 0.019278743834007947
290.011 0.019266750232613497
291.0045 0.01923385516782948
292.0135 0.01921441977521257
293.02 0.019175377554597278
294.01 0.019150620330358595
295.007 0.01910582041477135
296.005 0.01907523931105154
297.0245 0.019024136022315993
298.0165 0.018985515867106298
299.0055 0.01892687775762434
299.998 0.018883152650350357
301.0295 0.018819644953006587
302.02 0.018768886535019645
303.0075 0.018697245814906158
304.013 0.018639761578688255
304.998 0.018560968472673474
306.0335 0.018496070708477634
307.025 0.018409863934986448
308.014 0.018337752477825604
308.9985 0.018245316263362885
310.0295 0.01816610047135895
311.0245 0.018066675167704577
312.0175 0.017980297598017052
312.9975 0.017873112180889605
314.0325 0.01777891365501289
315.023 0.017664202024119436
316.013 0.01756323834223392
316.997 0.017440740998389766
318.0315 0.01733132687138047
319.019 0.017200462656537293
320.008 0.01708370444311569
321.0085 0.016945356724746247
321.9975 0.016820697974507554
323.0175 0.016674647682526945
324.008 0.01654181317092606
325.0055 0.01638819282168648
326.032 0.016247786627116817
327.0215 0.01608517402156058
328.0055 0.015936496869462004
