27.996 -0.0
29.0015 -2.483929826057902e-06
30.0025 9.794609974795969e-06
31.005 9.0702349140959e-06
31.9955 2.0908326562001436e-05
32.9985 2.112847671568302e-05
34.0025 3.3974526751166106e-05
34.998 3.5451251513328105e-05
35.996 4.889489149533313e-05
37.003 5.025339951527166e-05
37.998 6.417158323131916e-05
39.0035 6.575610596885884e-05
39.996 7.917277530822275e-05
41.0015 8.049856692520299e-05
42.001 9.512590346672303e-05
43.002 9.664292808836059e-05
44.0105 0.0001112181130836637
45.0085 0.00011317041917087434
46.0145 0.0001288464285355423
47.0 0.00013076603513965945
47.996 0.00014583544563458173
49.0025 0.00014807847913710787
50.004 0.00016194925019769046
51.0 0.00016426427978374902
51.9965 0.00017851431247475902
52.9975 0.00017944105458026632
54.0045 0.00019376517827088963
55.0135 0.00019444517639687076
55.9985 0.0002082788062706467
56.9985 0.00020945161009140734
58.0175 0.00022357612722113257
59.002 0.00022418660798366463
59.999 0.00023743642902429585
61.017 0.00023765262571593532
62.0 0.0002502137074730376
62.993 0.0002492976923442747
64.001 0.0002615661322441648
65.0035 0.00026018475982073075
66.02 0.00027199299733966786
66.997 0.00027036343943012686
67.999 0.00028229922391839746
69.0175 0.0002804559356475167
69.9955 0.0002926804724189408
71.0025 0.0002901904105737929
72.015 0.00030135398843647576
73.0025 0.00029930573638406455
73.994 0.0003103828691836119
75.024 0.0003091243324648135
76.0165 0.00031986840026398955
77.002 0.0003184671263924549
78.0145 0.0003300644096257688
79.0025 0.00032740738667462466
80.022 0.000337210237051605
81.0105 0.0003349656039686455
82.009 0.00034556967451385145
83.0025 0.0003439921701686999
84.029 0.0003539823594576885
85.027 0.0003500633147835164
86.0205 0.00036002161664365484
87.0125 0.0003561560133203273
88.001 0.000365313708805895
89.004 0.0003625566276538733
90.029 0.00037312683364132404
91.0255 0.0003698402743749357
92.0225 0.00037955125079047747
93.009 0.00037485765905273527
94.0125 0.00038322495586798344
94.996 0.00037957049223770467
96.028 0.00038792365457368527
97.0165 0.000383502150134607
98.0015 0.0003928447403190455
99.0255 0.0003884535702915609
100.022 0.00039762707665373653
101.013 0.00039339428152122824
102.0105 0.0004013775015322546
102.9955 0.000395932366229923
104.0295 0.00040466137743268293
105.021 0.00039912079453326144
106.0095 0.0004073897538441895
107.006 0.0004013614599958498
108.017 0.00040932418889524924
109.011 0.00040381434219491363
109.998 0.0004127927613694071
111.005 0.00040682430955690796
112.0265 0.00041471345730029197
113.028 0.0004087812061487617
114.022 0.00041643631820456606
115.0105 0.000409823092333117
116.006 0.0004177780989622071
117.023 0.000411672652636641
118.004 0.00041868379277237855
119.029 0.0004118045694966599
120.024 0.00041875687000436645
121.0115 0.0004110205093203201
122.0085 0.0004173292948892182
123.0095 0.0004106516311719599
124.018 0.0004170244115261901
125.0085 0.0004098811890770604
126.0105 0.00041734418217850844
126.9975 0.0004097433495163505
127.9975 0.0004154802642258315
129.025 0.0004073405423238585
130.02 0.00041403375953311117
131.001 0.00040615364577167856
132.0295 0.0004122271104939623
133.017 0.0004040074559506779
133.9995 0.000410577685799135
135.0275 0.00040300189210842885
136.027 0.00040968236032878913
137.017 0.00040216814663229794
138.0025 0.00040847345852437766
139.0125 0.00040054167048278466
139.9995 0.0004069847268896032
141.027 0.00039857732966536163
142.016 0.000404724810667334
142.995 0.0003977749901677152
144.031 0.0004044889538626084
145.0165 0.0003960218625628231
146.004 0.0004020699040697129
147.02 0.0003946365920166339
148.007 0.0004006901080532421
149.008 0.0003923735403311701
150.0075 0.0003984977307987525
151.0165 0.0003911011281511889
151.996 0.00039722649655982156
153.0305 0.00038869937757082806
154.025 0.0003945657533920288
155.024 0.0003859401362448778
156.024 0.0003923446570692768
157.0095 0.00038357348152670556
158.011 0.00039046595861755296
158.998 0.0003827759983678902
160.0015 0.0003896174931499463
161.0215 0.00038104669881744435
162.0165 0.00038792088179531725
162.9995 0.0003796002026919265
164.032 0.0003856187624892704
165.027 0.0003780471803454255
166.018 0.0003847081534230634
167.007 0.00037730358232443417
168.0025 0.00038439717834889975
169.033 0.00037722232822179347
170.026 0.00038429426435770964
171.0255 0.0003761198906036267
172.0225 0.0003823498401106795
173.0085 0.0003746069136256469
174.0055 0.0003811923074423518
175.022 0.0003730856541398764
176.0105 0.00038019675722231194
177.003 0.0003723662799357541
177.998 0.00037912244630650127
179.0245 0.0003711081323214682
180.022 0.0003777579516934526
181.0135 0.0003705204211239821
182.006 0.0003776812737838475
183.023 0.0003695126971884344
184.0075 0.00037589487980072
185.009 0.00036804958050221104
186.01 0.0003744510640114884
187.017 0.00036627466214295135
188.002 0.0003724750320343029
188.999 0.00036451972539638944
190.0225 0.0003721852223254607
191.0045 0.0003644410930393749
191.998 0.0003719186183404055
193.023 0.00036389965364622134
194.0065 0.0003713318607072025
194.9975 0.00036315545849008313
196.003 0.0003700045363616289
197.0275 0.00036266865192061126
198.0245 0.0003698541631379504
199.0165 0.0003626568437719857
200.0135 0.00037020599861944947
201.0025 0.000361880516562052
202.0215 0.00036938700315949924
203.006 0.000361702144548004
204.011 0.000368761115267513
204.9975 0.0003613539086227413
206.022 0.00036979198411818404
207.0105 0.000362055906436759
208.0065 0.0003694278209595836
209.0085 0.0003619763259051778
210.006 0.0003697876378809528
211.014 0.00036188324021868556
212.0085 0.0003686776553203097
213.0105 0.00036166287145933396
213.9955 0.0003697039632715726
215.023 0.00036252387783722306
216.011 0.0003702906715076226
217.003 0.00036290977405950553
217.9995 0.00037091215520318466
219.0235 0.0003639562247420014
220.012 0.0003724297904024454
221.0025 0.00036490313749507064
222.004 0.00037382630848353804
223.0265 0.0003670980128772927
224.028 0.0003767607892591063
225.025 0.0003696501101262406
226.016 0.0003780697061832039
227.01 0.0003707153779676231
228.012 0.00037936090810852807
229.0115 0.0003724007478474456
230.001 0.00038236143720063454
231.024 0.00037527973822351623
232.023 0.0003838248426076829
233.0125 0.00037556127500787406
233.997 0.0003832007745981636
235.025 0.0003763630686355879
236.0245 0.0003848031415842612
237.02 0.00037739701697553363
238.0065 0.00038547477821646026
239.0065 0.00037847739664934044
240.008 0.0003879970940487143
241.008 0.00038081394893055287
242.0155 0.00038949632966758796
243.001 0.00038191504775775265
244.0295 0.00038988506325998706
245.0245 0.0003840458569485672
246.0105 0.0003928642695001372
247.007 0.0003845865162702966
248.011 0.00039393184343955445
249.0045 0.0003860857817392094
250.019 0.00039380721670234653
251.0295 0.00038565682006741486
252.023 0.0003938871544493239
253.0055 0.00038598498803729675
253.996 0.0003947110718946212
255.022 0.00038704396870903324
256.018 0.0003953558938669388
257.0035 0.0003875038761519123
258.0175 0.00039650775877807243
259.022 0.00038734990376111667
260.013 0.00039543797673478875
261.0015 0.00038719276311457995
262.0195 0.00039541111824097086
263.013 0.0003870463514483863
263.999 0.0003947685395056383
265.0105 0.00038612402883891894
266.0195 0.00039297495610521316
267.0045 0.000384148570528528
268.025 0.0003915619722081459
269.009 0.0003817846170061645
270.0075 0.0003887934357307138
271.006 0.0003792143299255618
271.995 0.0003858812192181482
273.002 0.00037505905888941815
274.0155 0.00038150359355715313
275.007 0.0003723308289829419
276.006 0.0003793475235200905
277.0055 0.0003687128592304717
278.002 0.00037418854394975776
279.0 0.00036352646670408106
280.013 0.00036917692081579745
280.999 0.0003580007853174888
282.021 0.0003629564098904109
283.0155 0.0003509408188969998
283.9975 0.0003554840452639346
285.0165 0.0003425507839659586
286.0195 0.0003467835380637774
287.003 0.0003346102272144269
288.024 0.0003395968743297728
289.0225 0.0003261326609160925
290.011 0.0003293246165442659
291.0045 0.00031579064922568345
292.0135 0.0003192396750803794
293.02 0.00030483765707564614
294.01 0.0003081951921496545
295.007 0.00029437745535455806
296.005 0.00029747033602833817
297.0245 0.00028271066799265276
298.0165 0.00028556492555077695
299.0055 0.0002701321400404577
299.998 0.0002724596792708575
301.0295 0.0002578572385651956
302.02 0.00026028722186703657
303.0075 0.0002450948509732792
304.013 0.0002466508980836571
304.998 0.0002311392802200815
306.0335 0.00023219749785340776
307.025 0.0002154016229764591
308.014 0.00021568049332722217
308.9985 0.00019904032485577872
310.0295 0.00019959969784913434
311.0245 0.00018166924609588908
312.0175 0.00018096059659743202
312.9975 0.0001630330915770653
314.0325 0.00016235749997399462
315.023 0.0001441160861399421
316.013 0.00014367380333040955
316.997 0.00012441559742706193
318.0315 0.00012293744377324042
319.019 0.00010384575989971778
320.008 0.00010148231393388579
321.0085 8.129623623947743e-05
321.9975 7.804451842698644e-05
323.0175 5.697985522819769e-05
324.008 5.3419558646357335e-05
325.0055 3.18031186803602e-05
326.032 2.782567642323642e-05
327.0215 5.2898079008472515e-06
328.0055 -0.0
