28.02 0.0
28.9975 -0.0020357480840831094
30.001 -0.0040599233763788075
30.9965 -0.006070322944273648
32.001 -0.00806900091127734
32.9985 -0.010054625968137328
33.999 -0.01202745848933765
35.007 -0.013987799566586178
35.998 -0.015936650903765108
36.998 -0.017872616231638334
38.006 -0.0197960077235109
38.9975 -0.021707569051548595
40.0125 -0.023607163644469156
41.0025 -0.025494077935513372
42.0115 -0.027368745617909217
42.9995 -0.029231257011053
44.0 -0.03108152394207499
44.998 -0.03291977619803104
46.008 -0.03474526287698266
47.0105 -0.03655799092859977
48.007 -0.03835871230512433
49.017 -0.040147146232864646
50.001 -0.041923388782762055
51.0 -0.043687834684372276
52.0065 -0.04543907026571442
53.007 -0.04717853932651632
54.0155 -0.04890509326746983
55.0005 -0.05062011989742896
55.9985 -0.05232273328633092
57.0085 -0.05401239533041983
58.004 -0.05568998524077836
59.0 -0.05735471216777653
60.015 -0.059007862319938924
61.0 -0.060647867617273934
62.0035 -0.06227646246170637
63.012 -0.0638922905221455
63.9965 -0.06549457262633358
65.003 -0.06708529569597999
66.0145 -0.0686641412282847
66.9975 -0.07023060278131216
68.005 -0.07178389219976422
69.013 -0.07332479130146942
70.0045 -0.07485284282714406
70.999 -0.07636881681120018
72.0155 -0.07787141342607139
73.0015 -0.07936197523013218
74.003 -0.08083958037629199
75.0175 -0.0823041514577307
76.004 -0.08375661916269256
77.0045 -0.08519673185608859
78.0185 -0.08662341626899449
78.9975 -0.08803814763511882
79.998 -0.08943959908369456
81.018 -0.0908283107400496
82.002 -0.09220387730476656
83.0015 -0.09356682544988384
84.018 -0.09491754365095999
85.002 -0.09625469356391239
86.0015 -0.09757966141441317
87.0195 -0.09889117522366699
88.015 -0.10019043669856961
89.0015 -0.10147741117029155
90.0225 -0.10275022482586864
91.015 -0.10401059844741395
92.0005 -0.10525906587367655
93.0085 -0.10649422845917189
94.012 -0.10771668472242849
94.9965 -0.1089257049038544
96.0115 -0.1101217515399411
97.013 -0.11130502770394335
97.9995 -0.11247585523940305
98.9975 -0.11363269160173535
100.023 -0.11477728238319959
101.0085 -0.11590826067993344
101.997 -0.1170256647027551
103.023 -0.11813053104919385
104.0145 -0.11922277503467467
105.0025 -0.12030166882200584
106.0045 -0.12136666513347431
107.0195 -0.12241872930654267
108.0135 -0.12345828731499366
108.995 -0.12448489251445964
110.003 -0.12549798604030885
111.0195 -0.1264970643246206
112.0035 -0.12748357732272916
113.0045 -0.1284565808385941
114.0175 -0.1294171487526281
115.0085 -0.13036466811189443
116.0135 -0.13129829575312768
116.9975 -0.13221882960517897
118.0205 -0.1331263236565744
119.006 -0.13402017507052733
119.9975 -0.1349003461285907
121.0045 -0.13576678346845014
122.019 -0.1366198822032762
123.0085 -0.1374592746014867
123.996 -0.13828624053026756
125.0095 -0.13909984967294697
126.0265 -0.13989969079554898
127.02 -0.14068644380738607
128.0035 -0.14145948770890313
129.024 -0.14221909146045716
130.0195 -0.14296516483815044
131.001 -0.14369764495291482
132.0285 -0.1444166362292178
133.011 -0.14512179862480398
134.006 -0.14581360575172636
135.003 -0.14649137982178723
136.0155 -0.14715544945741746
137.0005 -0.14780713972415696
138.025 -0.14844399833951066
139.0235 -0.1490673305701017
140.007 -0.14967607644034842
141.0025 -0.15027156171030948
142.001 -0.15085399461832574
143.021 -0.15142253881800383
144.007 -0.15197684089161076
144.998 -0.1525170281690205
146.0035 -0.1530435885548729
147.018 -0.15355649286255127
148.0085 -0.15405533858609569
148.998 -0.15454050014138845
150.007 -0.15501123729335797
151.0175 -0.15546885084701945
152.012 -0.15591209967294445
153.0025 -0.1563410214246965
154.01 -0.15675679216574315
155.024 -0.15715830243781545
156.0145 -0.15754609705350336
156.9965 -0.15792039050197348
158.0275 -0.15827927193840652
159.0175 -0.15862453168649168
160.007 -0.158955019114144
160.9975 -0.15927240231361153
162.0 -0.1595751127191257
163.021 -0.15986322027365402
164.0195 -0.1601379411439369
165.01 -0.16039793395322371
166.006 -0.16064350911711497
167.003 -0.1608745857855665
168.0185 -0.1610921546826777
169.0035 -0.1612958933215859
170.0245 -0.16148560578907212
171.014 -0.16166128893022597
171.995 -0.161821646306091
173.0225 -0.16196880814137155
174.0215 -0.16210124827729921
175.0115 -0.16221811318889673
176.005 -0.16232168284853446
177.023 -0.16241068256596355
178.0215 -0.16248533099239326
179.013 -0.1625461812150158
179.9955 -0.1625922092931246
181.025 -0.16262280080095176
182.024 -0.16263879635254366
183.008 -0.1626409201491962
184.008 -0.1626289435196264
185.012 -0.1626015774257538
185.9955 -0.16256090174616816
187.031 -0.16250513145072207
188.0265 -0.1624345415479605
189.021 -0.16234939566674275
190.0035 -0.16224979191232705
191.0285 -0.16213560745761793
192.0185 -0.16200728388935728
193.0065 -0.161864015753333
194.0065 -0.16170571285644145
195.013 -0.16153198656899873
196.0035 -0.1613446505033716
197.0315 -0.16114187987869466
198.027 -0.16092474821194164
199.023 -0.1606925648429121
200.0135 -0.16044547954802968
201.0035 -0.16018345133480622
201.9995 -0.159907545797524
203.0325 -0.15961570535256517
204.0315 -0.15930909078766564
205.018 -0.15898731493270105
206.003 -0.15865155522534138
207.0335 -0.1583005988394422
208.019 -0.15793475441817834
209.0085 -0.15755366773823987
209.996 -0.15715767737017178
211.0235 -0.15674768214369686
212.012 -0.15632202810935247
213.0025 -0.15588148927186113
214.02 -0.15542519233082208
215.004 -0.15495515903107915
216.0225 -0.15446960919719624
217.0125 -0.15396914419890614
218.001 -0.15345264663040084
219.0255 -0.1529207608420508
220.017 -0.15237384778038487
221.011 -0.1518118550085597
222.0085 -0.15123493950863356
223.004 -0.15064296989159648
224.023 -0.1500352654945209
225.018 -0.1494121495257409
226.013 -0.14877315415132794
226.9975 -0.1481190772027149
228.026 -0.14745041705403553
229.0225 -0.14676598473385236
230.0155 -0.14606562779065257
231.0015 -0.14535007008356907
232.028 -0.14461920108753587
233.021 -0.14387312667755472
234.008 -0.14311126842001706
234.998 -0.14233475162139034
236.0225 -0.14154165752231246
237.0085 -0.14073303856492825
238.0075 -0.13990887970451965
239.0025 -0.1390699531704045
240.0135 -0.13821545054069798
241.0025 -0.1373444047468616
242.0235 -0.1364580668464952
243.0155 -0.1355564938669209
244.0015 -0.13463837283410215
245.022 -0.13370534178740143
246.008 -0.13275738100635145
247.0045 -0.13179363310032308
248.028 -0.1308138686421027
249.022 -0.12981817322919836
250.014 -0.12880682835144286
250.9965 -0.1277792708328405
252.028 -0.1267369911834104
253.028 -0.12567766779815054
254.0195 -0.12460299198237441
254.998 -0.12351226441208976
256.0265 -0.12240609306179626
257.0215 -0.12128419717722885
258.003 -0.12014566579554806
259.024 -0.11899151436228628
260.015 -0.11782188377978801
260.999 -0.11663620645582828
262.023 -0.11543492938979201
263.0245 -0.11421827302619371
264.0165 -0.11298503666366572
265.0005 -0.11173563873867723
266.0205 -0.11047114809778746
267.022 -0.1091898751711259
268.0125 -0.10789223981199847
268.9975 -0.10657942389384191
270.004 -0.10525031790057941
271.0185 -0.10390449277072815
272.009 -0.10254278830520693
272.9965 -0.10116549305927862
274.0225 -0.09977199812056642
275.0115 -0.09836209523387414
276.0035 -0.0969362889526986
277.0125 -0.09549445063265041
278.017 -0.0940360144693605
279.005 -0.09256129133621817
280.012 -0.09107044590554293
280.997 -0.08956376756644363
282.022 -0.0880397415188632
283.012 -0.08649989663875222
284.002 -0.08494396119041119
285.022 -0.08337268570155904
286.017 -0.08178423161734835
287.01 -0.08017870236096485
287.9985 -0.0785569341144726
289.023 -0.07691859420599917
290.0165 -0.07526415297422573
291.008 -0.0735927733915524
292.0075 -0.07190553664884647
292.9985 -0.07020175421401804
294.0215 -0.0684816833672154
295.015 -0.06674490231646218
296.009 -0.06499120798851891
297.0075 -0.06322111350951852
297.998 -0.06143518844630001
299.017 -0.059632264256356114
300.003 -0.05781153327548821
301.011 -0.05597518361207206
301.998 -0.054121818117909164
303.024 -0.05225200423503788
304.013 -0.05036516375200672
305.0025 -0.04846178554419237
306.029 -0.04654151585758078
307.018 -0.0446045614520929
308.002 -0.04265042254092215
309.017 -0.040678750659863115
310.0075 -0.03869122806219624
310.9985 -0.03668678325912557
312.036 -0.03466515367196857
313.0235 -0.0326269875485693
314.008 -0.030571105545477387
314.9975 -0.028497969117907238
316.032 -0.02640851431416348
317.0215 -0.02430164456947862
318.0085 -0.022177570513238414
319.0085 -0.02003697340052653
319.9975 -0.017879184004414087
321.017 -0.015704468339702935
322.007 -0.013512915948932632
322.9985 -0.011303818866178436
324.0225 -0.009077198250099339
325.008 -0.006833421607445046
325.998 -0.004573466840765729
327.0205 -0.0022952506700257246
328.0065 0.0
