27.996 -0.0
29.0015 2.7838961909006955e-06
30.0025 1.626477746005054e-05
31.005 1.8644546895538357e-05
31.9955 3.4800813321290286e-05
32.9985 3.8088242021758895e-05
34.0025 5.411962124266152e-05
34.998 5.895378170770772e-05
35.996 7.58111262956565e-05
37.003 8.043182071306582e-05
37.998 9.779586986008448e-05
39.0035 0.00010209875907033622
39.996 0.00011898347879866003
41.0015 0.0001230150132660833
42.001 0.00013993028169450097
43.002 0.0001446057058547244
44.0105 0.00016214493957104198
45.0085 0.0001662621264149136
46.0145 0.00018358465074037184
47.0 0.0001882753688638647
47.996 0.0002051610124183187
49.0025 0.0002092857456500105
50.004 0.00022566642287333294
51.0 0.00023024973405966903
51.9965 0.0002473113362538512
52.9975 0.0002509420175123983
54.0045 0.00026893649793070795
55.0135 0.00027308334832869957
55.9985 0.00029038935437375457
56.9985 0.0002955841765428721
58.0175 0.0003128399053260525
59.002 0.0003173555913756135
59.999 0.00033431041933748573
61.017 0.000338391741141246
62.0 0.0003554452109115064
62.993 0.0003583901981253218
64.001 0.00037432227559341946
65.0035 0.00037681399562641826
66.02 0.0003924696473510264
66.997 0.00039476309747360494
67.999 0.00040995550808888004
69.0175 0.00041194451951921673
69.9955 0.0004275036945105698
71.0025 0.00042929523820590954
72.015 0.00044417752302211566
73.0025 0.00044611691363659334
73.994 0.00046130855540438276
75.024 0.0004628255620519883
76.0165 0.00047732504886374705
77.002 0.00047971279761357954
78.0145 0.0004948456693010805
79.0025 0.0004957537113597782
80.022 0.000510057188567753
81.0105 0.000510283509918677
82.009 0.000524482588131564
83.0025 0.0005249668553795189
84.029 0.0005396960841001497
85.027 0.0005400995046861978
86.0205 0.0005534528414663786
87.0125 0.0005540859833463724
88.001 0.0005674056015203682
89.004 0.000567985761476722
90.029 0.0005816469934474267
91.0255 0.0005812575018322719
92.0225 0.0005942690815484708
93.009 0.0005933880523016355
94.0125 0.000606108416988535
94.996 0.0006060411726735437
96.028 0.0006185045347865264
97.0165 0.0006174840694899708
98.0015 0.0006297080837544544
99.0255 0.0006284893497519317
100.022 0.0006406431221299552
101.013 0.0006384637374795138
102.0105 0.0006501370041282623
102.9955 0.0006479027139483645
104.0295 0.0006600781577229126
105.021 0.000659594665238114
106.0095 0.0006717637904937596
107.006 0.0006695871753561594
108.017 0.0006799052183465437
109.011 0.0006777756710975025
109.998 0.000689128392530769
111.005 0.0006867482956584847
112.0265 0.0006978217096875183
113.028 0.0006953476892088972
114.022 0.0007058630435484992
115.0105 0.0007031605539663532
116.006 0.0007140082918674628
117.023 0.0007107685716963297
118.004 0.0007211814305529973
119.029 0.0007182998061857626
120.024 0.0007287363114619472
121.0115 0.0007248793018158617
122.0085 0.0007348210191742144
123.0095 0.0007313133764417779
124.018 0.0007423886323118523
125.0085 0.0007379839160218393
126.0105 0.0007481584100018646
126.9975 0.00074369104170946
127.9975 0.0007520390803378851
129.025 0.000747542249130595
130.02 0.0007568098840089466
131.001 0.0007528454856556011
132.0295 0.0007613678962287429
133.017 0.0007572002331857897
133.9995 0.0007662174562270696
135.0275 0.0007606310765851942
136.027 0.000769706786512725
137.017 0.0007647456150342846
138.0025 0.0007741105158551032
139.0125 0.0007700333160147177
139.9995 0.0007791522136866014
141.027 0.0007738847683658456
142.016 0.0007835007285674211
142.995 0.0007793801324727234
144.031 0.0007881044406822246
145.0165 0.0007828101378270502
146.004 0.0007911431754555609
147.02 0.0007866926028170795
148.007 0.0007959347804632477
149.008 0.0007906794287731722
150.0075 0.0007990994017241793
151.0165 0.0007932222060692273
151.996 0.0008019067329531615
153.0305 0.0007952321740847257
154.025 0.000803485126267961
155.024 0.0007971914621638654
156.024 0.0008047385140351748
157.0095 0.0007984494023144662
158.011 0.0008058330335793118
158.998 0.0008001818383481796
160.0015 0.000808307723636742
161.0215 0.0008024254213869486
162.0165 0.0008108681249735794
162.9995 0.0008048229138012397
164.032 0.0008124677296662275
165.027 0.0008070890856325119
166.018 0.000816274360736946
167.007 0.0008110077383385594
168.0025 0.000820474550219441
169.033 0.0008159262347334217
170.026 0.0008246635637845223
171.0255 0.0008178726226183985
172.0225 0.000825255648995521
173.0085 0.0008197289166109734
174.0055 0.000828106174281279
175.022 0.0008215321225453209
176.0105 0.0008302569878869126
177.003 0.0008240602618990733
177.998 0.0008325660139084923
179.0245 0.0008254931282295208
180.022 0.000833079854580504
181.0135 0.0008263111881334773
182.006 0.0008343282113138506
183.023 0.000828275660237604
184.0075 0.0008364946595401102
185.009 0.0008298531073206994
186.01 0.0008381208221261427
187.017 0.0008317699082139862
188.002 0.0008397657460136321
188.999 0.0008337728306291592
190.0225 0.0008424648620092012
191.0045 0.0008358162780579548
191.998 0.0008441250867793904
193.023 0.0008370085639669844
194.0065 0.0008448637667007319
194.9975 0.0008373681791869481
196.003 0.0008462070744963135
197.0275 0.0008387189314062737
198.0245 0.0008465991932194161
199.0165 0.0008400599844080592
200.0135 0.0008481531436393686
201.0025 0.0008415362958116568
202.0215 0.0008486006098823717
203.006 0.000841119193001727
204.011 0.0008488371051320054
204.9975 0.000841116119977392
206.022 0.0008485238169810561
207.0105 0.0008411268455943699
208.0065 0.0008483012422874081
209.0085 0.0008406260079494299
210.006 0.0008487913777840139
211.014 0.000841284205113868
212.0085 0.0008486459177370897
213.0105 0.0008408743812777231
213.9955 0.0008482155181707141
215.023 0.0008405930523594785
216.011 0.0008476020015502905
217.003 0.000839648846254204
217.9995 0.000846939783627737
219.0235 0.0008391566347487334
220.012 0.0008473147493525679
221.0025 0.0008409041759666891
222.004 0.0008488716010460196
223.0265 0.0008401356069986932
224.028 0.0008474821075480365
225.025 0.000838693355941611
226.016 0.0008471545385028423
227.01 0.0008390333255052229
228.012 0.000846766991957959
229.0115 0.0008380645686537902
230.001 0.0008457356934427618
231.024 0.0008377200121480466
232.023 0.0008451193461611328
233.0125 0.0008364051482464829
233.997 0.0008439410257943258
235.025 0.000835357047238583
236.0245 0.0008425402900329726
237.02 0.0008337701525408248
238.0065 0.0008412795869003342
239.0065 0.0008321503720768175
240.008 0.0008387990268722834
241.008 0.0008295551872718743
242.0155 0.0008361699892948937
243.001 0.0008285098365785892
244.0295 0.0008364776845869448
245.0245 0.0008281703998722079
246.0105 0.0008349804883290568
247.007 0.0008250550909852106
248.011 0.0008313534741547501
249.0045 0.0008219170139066312
250.019 0.0008275987288932363
251.0295 0.0008177243513277643
252.023 0.000824022115568035
253.0055 0.0008137101195931362
253.996 0.0008198890148520543
255.022 0.0008101155503280333
256.018 0.0008156721485922669
257.0035 0.0008052217748578394
258.0175 0.0008109722641181649
259.022 0.0008010634927502758
260.013 0.0008066662744174724
261.0015 0.0007959920570768247
262.0195 0.0008025113936351996
263.013 0.0007915160938561233
263.999 0.000796267487503402
265.0105 0.0007837873911476362
266.0195 0.0007883912582517388
267.0045 0.0007760445984541092
268.025 0.0007794762794643972
269.009 0.0007665261888676889
270.0075 0.0007701466221222836
271.006 0.0007577793556278606
271.995 0.0007611911487295925
273.002 0.0007474395568592418
274.0155 0.0007496310439801118
275.007 0.0007358463723470127
276.006 0.00073797301898125
277.0055 0.0007234114589687313
278.002 0.0007242652514556636
279.0 0.0007087376998280576
280.013 0.0007097429863190119
280.999 0.0006935040567970785
282.021 0.0006935043071198826
283.0155 0.0006774757366439371
283.9975 0.0006777560279893902
285.0165 0.000660079688175691
286.0195 0.0006590514167898465
287.003 0.0006417654353608748
288.024 0.0006414514114064934
289.0225 0.0006226627771206417
290.011 0.0006214135462767889
291.0045 0.0006020821487266043
292.0135 0.00059938584356381
293.02 0.000579712179832978
294.01 0.0005775782722151901
295.007 0.000557507726920925
296.005 0.0005537923691489033
297.0245 0.0005322522116711498
298.0165 0.0005277880883239397
299.0055 0.0005067632544207487
299.998 0.0005021879267508161
301.0295 0.0004816150996837035
302.02 0.0004766481054225419
303.0075 0.00045347556688690727
304.013 0.00044757484267514414
304.998 0.00042439819121931066
306.0335 0.0004169256877981156
307.025 0.0003924439825841869
308.014 0.00038477006633806654
308.9985 0.0003602858410681406
310.0295 0.0003524564186928869
311.0245 0.0003272753914239368
312.0175 0.0003192506475335963
312.9975 0.0002925184363401709
314.0325 0.00028319496098603084
315.023 0.00025623237378206987
316.013 0.00024658185285667336
316.997 0.000218515169109805
318.0315 0.00020866609400707267
319.019 0.00018016473781073614
320.008 0.00016842676957731784
321.0085 0.00013961849514186261
321.9975 0.00012831675903012332
323.0175 9.990435080969862e-05
324.008 8.791696946826993e-05
325.0055 5.759837842639684e-05
326.032 4.479430965338184e-05
327.0215 1.418294177577559e-05
328.0055 4.336808689942018e-19
