28.003 0.0
28.9985 -0.0020658789003234327
30.0075 -0.004119026607129585
31.013 -0.006159086662804677
32.004 -0.008186596134216743
32.9985 -0.01020159360869803
33.999 -0.0122040261904556
34.9995 -0.014194054216257685
35.998 -0.016171033270816638
36.9995 -0.01813624295127649
38.001 -0.020088655326316728
39.002 -0.022027964362158023
40.0005 -0.023955937290681115
41.005 -0.025871098926013116
42.003 -0.027773011379225932
43.003 -0.02966239309832414
43.9965 -0.031539060555576114
45.0015 -0.0334037083646397
46.0085 -0.035256660458186366
47.0065 -0.03709711083623045
48.0165 -0.03892375777053798
49.008 -0.04073882150396348
49.997 -0.042541737336981945
51.0045 -0.04433089486041273
52.013 -0.046107488186405615
53.006 -0.04787200532283528
54.003 -0.049623963485423875
55.007 -0.05136344474483886
55.997 -0.053090408379733826
57.0035 -0.05480459558441028
58.012 -0.056505840526701365
58.998 -0.05819514502995115
60.001 -0.05987135083275849
61.012 -0.0615357712969105
62.0095 -0.06318770466318388
63.0085 -0.0648266631296317
64.0095 -0.06645318429438281
65.014 -0.06806579250429916
65.995 -0.06966581208948493
67.0035 -0.0712542181820222
68.0135 -0.07282903005358671
69.007 -0.0743912141275316
70.0015 -0.07594137465240143
71.0225 -0.07747907739643978
72.0125 -0.07900406810132443
73.0095 -0.08051621533459642
74.0115 -0.08201409504099666
75.0105 -0.08349994866783156
76.002 -0.08497258646401641
77.0185 -0.08643276422708109
78.014 -0.08787921382347287
79.0025 -0.08931372895850954
80.0025 -0.09073480998190372
81.022 -0.09214311397613861
82.01 -0.09353863822247838
83.0005 -0.09492084094830551
84.0205 -0.09629075130886798
85.01 -0.09764798986461982
86.008 -0.09899246137947552
87.004 -0.10032290221590784
88.021 -0.10164135522564252
89.0135 -0.1029453816718172
90.001 -0.10423661234236112
91.0175 -0.10551555785729666
92.015 -0.1067811043807076
92.999 -0.10803378161721845
94.004 -0.10927314087649762
95.011 -0.11049934846936385
96.002 -0.1117117262630292
97.0 -0.11291137637925446
98.011 -0.11409869670963736
98.9985 -0.11527313894247727
100.0015 -0.11643377469511648
101.02 -0.11758090766741755
102.009 -0.1187138765045404
103.0055 -0.11983372086287382
103.999 -0.12094086888826171
105.0195 -0.12203482844576398
105.9955 -0.12311535899070515
107.008 -0.12418190214469794
108.0205 -0.12523597765367522
109.0095 -0.12627565960367954
110.007 -0.127302544154786
111.0175 -0.12831560934315664
112.008 -0.12931613462993846
113.011 -0.13030343144690115
113.995 -0.13127653305458936
115.0185 -0.1322370930476128
115.9985 -0.1331843401040286
117.0115 -0.13411779666155882
118.009 -0.13503739187480387
119.009 -0.13594416062830578
120.0035 -0.1368366460620929
121.023 -0.13771611984239102
122.013 -0.13858152158900602
122.996 -0.1394332663088563
124.0 -0.1402711414927602
125.0235 -0.14109577843102308
126.004 -0.14190683854408156
127.025 -0.1427042581498786
128.015 -0.14348798061204543
129.007 -0.14425710163396124
130.013 -0.1450136283315888
131.0045 -0.1457555334958235
132.0015 -0.14648357454918282
133.023 -0.14719887170706125
134.0125 -0.14789993477039007
135.0045 -0.14858719912557003
135.998 -0.14926084243357537
137.0225 -0.1499208727641113
138.0145 -0.15056727549649487
138.999 -0.15119880493211
139.9985 -0.1518161010899412
141.023 -0.1524202703863652
142.006 -0.15301153195817224
143.004 -0.15358780680983206
144.0015 -0.15414950740802075
145.019 -0.15469721027343075
146.007 -0.15523049072476236
146.9975 -0.15575008116726952
148.002 -0.15625510192866865
149.021 -0.15674736344003484
150.0085 -0.1572250912539679
151.0075 -0.15768851776875759
152.0125 -0.1581386755142871
152.995 -0.15857474548796036
154.0235 -0.15899585220217088
155.0065 -0.15940362530905708
156.012 -0.1597973646224421
156.996 -0.16017672970267094
158.02 -0.16054202796844963
159.0125 -0.1608921716961355
160.0005 -0.1612266093515104
161.003 -0.1615475304886931
162.016 -0.16185319308879856
163.0005 -0.16214587507871706
164.0235 -0.16242392207666934
165.013 -0.16268734308839053
166.0005 -0.1629360694001943
167.007 -0.1631707739486881
168.018 -0.163390614565882
169.0125 -0.16359666725372246
169.9955 -0.1637889695498995
171.008 -0.16396647845744872
172.025 -0.16412947273619174
173.0225 -0.16427733711399617
174.01 -0.16441133759920257
175.004 -0.16453011583405522
176.007 -0.16463496785864842
177.0225 -0.16472499741358204
178.013 -0.16480022038204967
178.9985 -0.16486154225862745
180.008 -0.16490783018825228
181.0275 -0.16493908950166897
182.026 -0.16495537677690184
183.0125 -0.1649573164859371
183.9985 -0.16494438202922476
185.023 -0.16491645110032618
186.0265 -0.16487396953913006
187.0175 -0.16481645185338845
188.0025 -0.16474485119070645
189.0275 -0.164657618453839
190.0165 -0.16455533169600453
190.999 -0.16443921391856883
192.0295 -0.1643079337833579
193.011 -0.1641615587569451
194.0065 -0.16400053190480884
195.0115 -0.16382396510074648
196.008 -0.1636328796350867
197.0065 -0.16342758709261174
198.009 -0.1632065070157957
199.005 -0.16297148484000518
200.0265 -0.1627204721590618
201.0115 -0.1624544070853105
202.007 -0.16217388621360426
203.0095 -0.16187777181892435
204.006 -0.16156711652112915
204.9995 -0.1612415667993613
206.011 -0.16090117702513881
207.0015 -0.16054536087901167
208.0165 -0.1601743875387944
209.0035 -0.15978782920956908
210.024 -0.15938483885446825
211.0165 -0.15896867254455516
212.005 -0.1585365281959487
213.025 -0.15808896040952455
214.0215 -0.15762580607684476
215.014 -0.15714809050399337
215.998 -0.15665541753808862
217.009 -0.15614612438081707
218.024 -0.15562164081107865
219.016 -0.15508114506759785
220.0105 -0.1545268378262317
220.9965 -0.15395662051147546
222.012 -0.15337088025805792
223.02 -0.15276997515621155
224.006 -0.15215299321779993
224.9975 -0.15152057946282282
226.0255 -0.15087272869740145
227.02 -0.1502091491988386
228.0085 -0.1495302708528168
229.0085 -0.1488360186427136
230.002 -0.14812597251847928
231.018 -0.14740033088083465
232.002 -0.1466582052741604
233.027 -0.14590155647324501
234.013 -0.14512882604626276
235.0005 -0.14434106942491515
236.024 -0.14353673537292702
237.019 -0.142716780145613
238.008 -0.14188141403530713
239.0035 -0.14103014878761264
240.0295 -0.14016256201313398
241.0245 -0.13927917358412473
242.01 -0.13838037536882533
243.0055 -0.13746595378666474
244.0255 -0.13653461486506482
245.024 -0.1355883592061191
246.013 -0.1346259996316584
246.9975 -0.13364781140197016
248.0275 -0.13265401115934233
249.0275 -0.13164392766299166
250.013 -0.13061822822682626
251.0075 -0.1295757875425941
252.0115 -0.12851795681292402
252.9965 -0.12744477314532252
254.0085 -0.1263545876992458
255.0235 -0.12524833939454955
256.013 -0.12412628008356279
257.0035 -0.12298858789289531
258.0035 -0.12183440033461683
259.0215 -0.12066424352374763
260.0135 -0.11947765542956021
261.0075 -0.11827526163461316
262.014 -0.11705633483610214
263.017 -0.11582159188911421
264.006 -0.11457005874239162
264.996 -0.11330248838743218
266.0185 -0.11201852932362609
267.0115 -0.11071875186516848
268.0025 -0.10940233269092654
269.0255 -0.10807042599408512
270.0115 -0.10672104775183906
270.996 -0.10535641645186063
272.0135 -0.10397492268809784
273.0165 -0.10257752516064071
274.009 -0.10116451989725057
274.9975 -0.09973413136764042
276.0265 -0.09828775567373048
277.022 -0.09682482598855353
278.0125 -0.09534515238784795
279.0075 -0.09384949461067667
280.003 -0.09233784208550384
281.015 -0.09080988260699553
282.007 -0.08926518272859227
283.008 -0.08770459623442185
284.0015 -0.0861273423751248
285.0235 -0.0845331803786482
286.0175 -0.08292277591215373
287.006 -0.0812953915161563
287.9975 -0.07965062651304661
289.026 -0.07798942880647755
290.009 -0.07631241482029026
291.013 -0.07461894849701904
292.007 -0.07290824095428208
292.9975 -0.07118059228326767
294.0175 -0.06943608762224977
295.005 -0.06767504337519395
296.015 -0.06589736723793083
297.008 -0.0641025959844362
297.9985 -0.062291428415193285
299.0305 -0.060462997946599824
300.021 -0.058616921309839934
301.0125 -0.056754498539610225
302.005 -0.0548743793095081
303.0265 -0.05297818354595269
304.018 -0.05106553893354447
305.0065 -0.04913498095023215
306.0025 -0.04718760376913575
307.0285 -0.04522374205174169
308.02 -0.04324128969843647
309.005 -0.04124297099345893
310.0255 -0.03922672060255801
311.0155 -0.037194008701240205
312.001 -0.035145035621717335
313.027 -0.033078870901867674
314.0185 -0.030994283567637438
315.0045 -0.02889366533279021
316.0195 -0.02677508723724515
317.004 -0.024639422854395486
318.0175 -0.022486444052977454
319.002 -0.020315960643583066
320.022 -0.018127975398365363
321.0075 -0.015922850358309478
321.997 -0.013700756082657929
323.0255 -0.011460807991572338
324.0155 -0.009203796114832869
325.002 -0.006929310027600914
326.0225 -0.004637082951960079
327.0115 -0.0023271509054353825
328.006 0.0
