27.996 -0.0
29.0015 4.390220017853408e-05
30.0025 0.00010355500801400349
31.005 0.000144177784365776
31.9955 0.00020202443652862258
32.9985 0.00024115141826690917
34.0025 0.000296664090915005
34.998 0.00033298836057539874
35.996 0.000386315833120935
37.003 0.00041992659431122625
37.998 0.0004707583277216536
39.0035 0.0005021821033895646
39.996 0.0005505107981060887
41.0015 0.0005797453100739661
42.001 0.0006256575980564255
43.002 0.0006529683411911069
44.0105 0.000696342132146692
45.0085 0.0007207033838277366
46.0145 0.000760278445124829
47.0 0.0007816054638940736
47.996 0.0008194417977839541
49.0025 0.0008392116410970082
50.004 0.0008753126607001227
51.0 0.0008915298784075015
51.9965 0.0009244711651994406
52.9975 0.0009387536762617346
54.0045 0.0009691670785091575
55.0135 0.0009801125663010876
55.9985 0.001007943354743697
56.9985 0.001017530189979493
58.0175 0.0010430137264707054
59.002 0.0010498629258955533
59.999 0.0010728516366491497
61.017 0.0010773609977190873
62.0 0.0010976708777050148
62.993 0.0010991427425694061
64.001 0.0011169502324060998
65.0035 0.001116401813035059
66.02 0.001131678672923353
66.997 0.0011291375332048298
67.999 0.0011424763621498968
69.0175 0.0011368343412284654
69.9955 0.0011477677334909564
71.0025 0.001141335814425215
72.015 0.0011502139888783236
73.0025 0.0011397864742670738
73.994 0.0011460241291379875
75.024 0.001134775994049611
76.0165 0.0011394951121721925
77.002 0.0011260166502646135
78.0145 0.0011284915027480052
79.0025 0.0011132635078711095
80.022 0.0011131094565456773
81.0105 0.0010949549504563894
82.009 0.0010933674390394416
83.0025 0.0010738019192100962
84.029 0.0010702949087456198
85.027 0.0010499876678680548
86.0205 0.0010449758070404103
87.0125 0.0010225838147453897
88.001 0.0010144963302501503
89.004 0.0009892719755395102
90.029 0.0009799960889504272
91.0255 0.0009536477311901381
92.0225 0.000942851170015746
93.009 0.000914815473366401
94.0125 0.0009033177932027958
94.996 0.0008731873040779131
96.028 0.0008592597735738866
97.0165 0.0008283315282014009
98.0015 0.0008130933638481608
99.0255 0.0007793903856795625
100.022 0.0007625199798385884
101.013 0.0007287707404201871
102.0105 0.0007103493599144306
102.9955 0.0006750693084372483
104.0295 0.0006546268361625751
105.021 0.0006174141018696622
106.0095 0.0005962231644555671
107.006 0.0005574623066914863
108.017 0.0005336419471483056
109.011 0.0004936042771543081
109.998 0.0004690793261048487
111.005 0.000427719205678051
112.0265 0.000401809620079574
113.028 0.0003607242082575013
114.022 0.00033387123394423845
115.0105 0.00028977644422839566
116.006 0.00026107409132655746
117.023 0.00021622511137475708
118.004 0.0001868618395919619
119.029 0.00014265313770681076
120.024 0.0001127863660854711
121.0115 6.63125514125118e-05
122.0085 3.512673940789246e-05
123.0095 -1.1824661981907347e-05
124.018 -4.3626259980361626e-05
125.0085 -9.222059898200685e-05
126.0105 -0.0001255562509857311
126.9975 -0.00017432823475793668
127.9975 -0.00020730806429730686
129.025 -0.0002560882206638082
130.02 -0.00028913784025386136
131.001 -0.0003388610601092745
132.0295 -0.0003729651955072799
133.017 -0.00042300750584153834
133.9995 -0.0004572710832622118
135.0275 -0.0005080739998336303
136.027 -0.0005432915504107461
137.017 -0.0005944164327204848
138.0025 -0.0006301982556883579
139.0125 -0.0006822308278839617
139.9995 -0.0007190330026800862
141.027 -0.0007708587557266888
142.016 -0.000808343117689736
142.995 -0.0008601335018474654
144.031 -0.0008968786885761859
145.0165 -0.0009486568392382266
146.004 -0.000985419878788002
147.02 -0.0010382084233239164
148.007 -0.0010760316459590968
149.008 -0.001127942691100975
150.0075 -0.0011656667337428817
151.0165 -0.0012179745504709294
151.996 -0.0012556230214734176
153.0305 -0.001308733956968261
154.025 -0.0013470646733786673
155.024 -0.0013994505938939028
156.024 -0.0014369650400426204
157.0095 -0.0014894735063997189
158.011 -0.001526257630474398
158.998 -0.0015780179267163297
160.0015 -0.0016149964564952102
161.0215 -0.0016670057274509875
162.0165 -0.0017038579688465894
162.9995 -0.0017557672240609001
164.032 -0.0017931655217087727
165.027 -0.0018451725849943645
166.018 -0.0018810741908537598
167.007 -0.0019329970602813273
168.0025 -0.001969514358001051
169.033 -0.002020716430869235
170.026 -0.0020565248824099547
171.0255 -0.0021070903202731195
172.0225 -0.0021422093162110356
173.0085 -0.00219319723649386
174.0055 -0.002228441939713832
175.022 -0.0022782836001296602
176.0105 -0.002313270346713664
177.003 -0.0023631838022434293
177.998 -0.0023973149435206342
179.0245 -0.0024463670183832165
180.022 -0.002480472576802506
181.0135 -0.002528958271400872
182.006 -0.002561697089887488
183.023 -0.0026087468195178376
184.0075 -0.002641256249522772
185.009 -0.00268791062004356
186.01 -0.0027191972273127307
187.017 -0.0027655006919706238
188.002 -0.002796978709796366
188.999 -0.002842513452005452
190.0225 -0.0028733438427534508
191.0045 -0.0029183304372458474
191.998 -0.0029488816214332247
193.023 -0.0029936340149141205
194.0065 -0.0030229887056132387
194.9975 -0.0030659902915757264
196.003 -0.0030943816316253148
197.0275 -0.0031368881369934765
198.0245 -0.003164407388539958
199.0165 -0.0032053759419287675
200.0135 -0.0032314473492082996
201.0025 -0.0032712359673295055
202.0215 -0.003296723512232008
203.006 -0.003336261244273886
204.011 -0.003359910063319732
204.9975 -0.0033983728921177514
206.022 -0.0034224926074648554
207.0105 -0.003459892631438116
208.0065 -0.003482210354454729
209.0085 -0.003517665136170939
210.006 -0.003538790178790413
211.014 -0.0035718422061062627
212.0085 -0.0035907738497960306
213.0105 -0.0036239132715452926
213.9955 -0.0036417551909465884
215.023 -0.0036713525137449243
216.011 -0.003686601877247675
217.003 -0.0037156939142918843
217.9995 -0.003731077984655634
219.0235 -0.00375926546516972
220.012 -0.003773143938876733
221.0025 -0.0037998014620734544
222.004 -0.003812320616848136
223.0265 -0.003838595879268103
224.028 -0.0038492429293681407
225.025 -0.003873142084235781
226.016 -0.0038821210561685304
227.01 -0.0039043340247314207
228.012 -0.003912509305068479
229.0115 -0.0039330271650322435
230.001 -0.003938773927954553
231.024 -0.003958075473778744
232.023 -0.0039627141717453185
233.0125 -0.003979099135809655
233.997 -0.003980886975686326
235.025 -0.003995856619341848
236.0245 -0.003996008937266954
237.02 -0.0040091302788807515
238.0065 -0.0040082378414094955
239.0065 -0.004020433003911861
240.008 -0.004017369742934512
241.008 -0.004027753948728924
242.0155 -0.004024626322029823
243.001 -0.0040333286561914095
244.0295 -0.004027419928850806
245.0245 -0.004034003053214413
246.0105 -0.004025458868981313
247.007 -0.004030020695955067
248.011 -0.004019580715366788
249.0045 -0.004022032613028692
250.019 -0.004009405480861594
251.0295 -0.004009976247665734
252.023 -0.003996190772112537
253.0055 -0.003993939637658428
253.996 -0.003977811674534856
255.022 -0.0039737991075905615
256.018 -0.003955980087932701
257.0035 -0.003950926445755967
258.0175 -0.003931175941582682
259.022 -0.003923207378887447
260.013 -0.003900719570645167
261.0015 -0.0038909025980678885
262.0195 -0.0038671631178013033
263.013 -0.0038552583069215024
263.999 -0.0038282828833756527
265.0105 -0.0038139121838367956
266.0195 -0.0037851150061876115
267.0045 -0.003769131158052233
268.025 -0.003737943189111151
269.009 -0.003718684924069862
270.0075 -0.003686288547799857
271.006 -0.0036655130583087003
271.995 -0.0036300348324666692
273.002 -0.003606660106884277
274.0155 -0.003568769790334256
275.007 -0.0035430264035486714
276.006 -0.003503661445469597
277.0055 -0.0034758934732171953
278.002 -0.0034339442929570835
279.0 -0.00340451033530767
280.013 -0.0033607363298637227
280.999 -0.003328537947869248
282.021 -0.003282230191833435
283.0155 -0.0032470614685635585
283.9975 -0.003198070840855896
285.0165 -0.003161256409696084
286.0195 -0.0031101752048699888
287.003 -0.003071241982677858
288.024 -0.00301712750060798
289.0225 -0.0029748212205003427
290.011 -0.0029186612838927456
291.0045 -0.0028744118127905643
292.0135 -0.002816030744503109
293.02 -0.002768647141650246
294.01 -0.0027077416379915065
295.007 -0.0026581800083747623
296.005 -0.00259426811231301
297.0245 -0.002542620253067035
298.0165 -0.0024769108125022588
299.0055 -0.002421733463310885
299.998 -0.002352775338236468
301.0295 -0.002294728810025626
302.02 -0.0022223073550766276
303.0075 -0.0021617896632222383
304.013 -0.002087683684813088
304.998 -0.002024842959706917
306.0335 -0.0019475519270382227
307.025 -0.0018816991779172718
308.014 -0.0018013186161595848
308.9985 -0.0017324772324809265
310.0295 -0.0016494622491480607
311.0245 -0.0015771524173158954
312.0175 -0.0014910066470126687
312.9975 -0.0014165223857669565
314.0325 -0.0013277868041277653
315.023 -0.0012498457637837995
316.013 -0.0011572666345083422
316.997 -0.0010750953964093549
318.0315 -0.0009786631643403307
319.019 -0.0008943614315488138
320.008 -0.0007959721954499226
321.0085 -0.0007088389193501705
321.9975 -0.0006080422559118243
323.0175 -0.0005163002135361288
324.008 -0.00041097863257088564
325.0055 -0.0003174691056420341
326.032 -0.00020872425392008242
327.0215 -0.00011160422965284054
328.0055 -0.0
