27.996 -0.0
29.0015 -0.00017345140676246337
30.0025 -0.00033066284119076875
31.005 -0.0004963560452426246
31.9955 -0.0006456085973698625
32.9985 -0.0008040332653178675
34.0025 -0.0009457064014317465
34.998 -0.0010961670446942608
35.996 -0.0012304745276602545
37.003 -0.0013734934878165649
37.998 -0.0015005023264782133
39.0035 -0.0016370319064053403
39.996 -0.0017581279331929274
41.0015 -0.00188721328912669
42.001 -0.0020008175087405274
43.002 -0.0021232327437087015
44.0105 -0.002230001038171864
45.0085 -0.0023463921048500064
46.0145 -0.002447310687929874
47.0 -0.002557008198323371
47.996 -0.0026506515451614893
49.0025 -0.0027539818235653366
50.004 -0.002841608011713466
51.0 -0.002939069689960494
51.9965 -0.0030206272463667444
52.9975 -0.0031118091687310223
54.0045 -0.0031873523440049886
55.0135 -0.0032724890789712843
55.9985 -0.003341877021638351
56.9985 -0.0034212902805801776
58.0175 -0.003484320863187028
59.002 -0.0035578139776957507
59.999 -0.003615877650639969
61.017 -0.003683929908865312
62.0 -0.0037363513729298248
62.993 -0.003799480615347961
64.001 -0.00384711642285486
65.0035 -0.0039037015471816428
66.02 -0.003945167920747977
66.997 -0.003997337051288977
67.999 -0.004033936909798114
69.0175 -0.00408067432915131
69.9955 -0.0041107827403394775
71.0025 -0.0041526935670596204
72.015 -0.004178780651232256
73.0025 -0.004215212915692906
73.994 -0.004236054129023961
75.024 -0.0042675922278485046
76.0165 -0.004283277044580619
77.002 -0.0043092094030515865
78.0145 -0.004319617675300966
79.0025 -0.004341814489332185
80.022 -0.0043485866732426715
81.0105 -0.004364775642785743
82.009 -0.004365893999410508
83.0025 -0.004378255888752264
84.029 -0.004375112691316449
85.027 -0.004383153093658082
86.0205 -0.004375671929470901
87.0125 -0.004379212381279668
88.001 -0.004367754391390685
89.004 -0.004366786944035514
90.029 -0.004350689974902497
91.0255 -0.004346118313353797
92.0225 -0.0043254927402566895
93.009 -0.004316339457266449
94.0125 -0.004292172551320944
94.996 -0.004278342437278218
96.028 -0.004249640416141662
97.0165 -0.004232846380759839
98.0015 -0.004201162147945012
99.0255 -0.004179917918872289
100.022 -0.004143527403200051
101.013 -0.0041187036195710625
102.0105 -0.004078712205895896
102.9955 -0.004050915817221418
104.0295 -0.004007475100599137
105.021 -0.003975542585204342
106.0095 -0.003928601327700565
107.006 -0.0038939473166022254
108.017 -0.0038448163098939447
109.011 -0.003806687877926318
109.998 -0.003753076426528834
111.005 -0.003712085409976057
112.0265 -0.0036557497768041902
113.028 -0.0036114070881960725
114.022 -0.003551958619489648
115.0105 -0.0035042452371958632
116.006 -0.0034413892502033194
117.023 -0.0033912594162725795
118.004 -0.003325726458185685
119.029 -0.0032724166761426143
120.024 -0.00320471647774645
121.0115 -0.003149317287401421
122.0085 -0.003077987171549862
123.0095 -0.0030198781929037244
124.018 -0.0029467366560879116
125.0085 -0.0028853007986140433
126.0105 -0.002809416359870559
126.9975 -0.002747010770881464
127.9975 -0.002669324334136386
129.025 -0.002603819253038514
130.02 -0.002523261252178055
131.001 -0.002455815605116346
132.0295 -0.002373628803430783
133.017 -0.0023037123433249096
133.9995 -0.002218294060999576
135.0275 -0.002146833122847941
136.027 -0.0020604184390778935
137.017 -0.001986592985348201
138.0025 -0.0018981960298121991
139.0125 -0.0018226644157133265
139.9995 -0.001732497827112961
141.027 -0.0016562931417438975
142.016 -0.0015643300243643188
142.995 -0.0014852796333157392
144.031 -0.001391105713372004
145.0165 -0.00131174115585464
146.004 -0.0012169100407178612
147.02 -0.0011348928285611903
148.007 -0.0010378978396575478
149.008 -0.000955074679446194
150.0075 -0.0008576102107862027
151.0165 -0.0007733939238326881
151.996 -0.0006744334348550707
153.0305 -0.0005894039253959149
154.025 -0.0004895027024482412
155.024 -0.00040222515497967404
156.024 -0.000300375656532903
157.0095 -0.00021283906857416657
158.011 -0.0001108131584456884
158.998 -2.2667525033298608e-05
160.0015 8.012102459495352e-05
161.0215 0.00016896827569498618
162.0165 0.0002721102249772511
162.9995 0.00036101329221863154
164.032 0.0004649396293734398
165.027 0.0005542757067385218
166.018 0.000658640889721479
167.007 0.0007489828213376459
168.0025 0.0008540642318636549
169.033 0.0009445441066671667
170.026 0.0010496033569313001
171.0255 0.0011404894676902977
172.0225 0.0012457564778717567
173.0085 0.0013360409973311727
174.0055 0.0014412782487988607
175.022 0.0015323617910737164
176.0105 0.001637946772411858
177.003 0.0017286037027566536
177.998 0.0018336193540829104
179.0245 0.0019239808052140817
180.022 0.002028930803768453
181.0135 0.0021187332220407307
182.006 0.0022230285829288043
183.023 0.00231238195307526
184.0075 0.0024166551796618307
185.009 0.002505866218648317
186.01 0.0026095002943984646
187.017 0.0026975468576637407
188.002 0.0028002762853086005
188.999 0.002888108202941747
190.0225 0.0029900627813105873
191.0045 0.0030764532815622803
191.998 0.003177455913374344
193.023 0.0032628157345844233
194.0065 0.0033626252245569643
194.9975 0.003447235949030486
196.003 0.003546511926149132
197.0275 0.0036299209789851794
198.0245 0.00372744889226867
199.0165 0.0038103769615738525
200.0135 0.003907198525463645
201.0025 0.003987831289214899
202.0215 0.004082976557164775
203.006 0.004161882237025849
204.011 0.0042558308904782904
204.9975 0.004333574315910138
206.022 0.004424908944777234
207.0105 0.00450021097239342
208.0065 0.004590228946878522
209.0085 0.004663677310803971
210.006 0.004752220087593434
211.014 0.004824362947782823
212.0085 0.004910451606213534
213.0105 0.0049804773126233826
213.9955 0.005064858026446961
215.023 0.00513388773472756
216.011 0.0052173388534489384
217.003 0.0052840411429674605
217.9995 0.005365010292433053
219.0235 0.005428657397228559
220.012 0.005506873228389664
221.0025 0.005568604462175664
222.004 0.0056445907072555646
223.0265 0.0057030743166121
224.028 0.005776179369223783
225.025 0.0058316213602225
226.016 0.005901464090203701
227.01 0.0059548279272940985
228.012 0.0060227089862238126
229.0115 0.0060736915313373
230.001 0.006138968290562402
231.024 0.006186827267787076
232.023 0.0062488605254782115
233.0125 0.006293252136462174
233.997 0.0063521541890284305
235.025 0.006394571079368638
236.0245 0.0064509087642311
237.02 0.0064893207398517005
238.0065 0.0065414472098186405
239.0065 0.006576332871643664
240.008 0.00662545475008311
241.008 0.006657086866113493
242.0155 0.006702650887424694
243.001 0.006730390915118262
244.0295 0.006772002362145146
245.0245 0.006796389559157845
246.0105 0.006834612392912914
247.007 0.006854598922722943
248.011 0.006888530884051669
249.0045 0.006905169901974789
250.019 0.006935548381703363
251.0295 0.006947880201102555
252.023 0.006974206052543425
253.0055 0.006982201818158867
253.996 0.007004363827716187
255.022 0.007008438756427343
256.018 0.007026096535674778
257.0035 0.007025584393712578
258.0175 0.0070385117127059055
259.022 0.00703377433970348
260.013 0.007042465120598598
261.0015 0.007032704729751704
262.0195 0.007036705034016502
263.013 0.007021723583075276
263.999 0.007020509856330459
265.0105 0.007000779654067299
266.0195 0.006995310363331814
267.0045 0.006970904097084868
268.025 0.006960067633571487
269.009 0.006929783508675735
270.0075 0.006913652633144779
271.006 0.006878441909162411
271.995 0.006857049482061908
273.002 0.006816455392216786
274.0155 0.006789821150356756
275.007 0.006743738509351352
276.006 0.006712179606901264
277.0055 0.0066603702140185655
278.002 0.006622070679557376
279.0 0.006564214945511099
280.013 0.006520639419166932
280.999 0.0064571250895705395
282.021 0.00640684305194171
283.0155 0.0063373949405642616
283.9975 0.00628200126183287
285.0165 0.006205191159644463
286.0195 0.006142289159385181
287.003 0.006060083673442324
288.024 0.005991963561165645
289.0225 0.005903459102662573
290.011 0.00582899822745625
291.0045 0.005733686004820812
292.0135 0.00565200195157653
293.02 0.005550194886635204
294.01 0.005462138820993653
295.007 0.005354169120355162
296.005 0.005259869647478814
297.0245 0.00514441199725444
298.0165 0.005042285321488982
299.0055 0.004920035355979513
299.998 0.004811187413837355
301.0295 0.00468223226398555
302.02 0.004567225690227203
303.0075 0.004430882968538219
304.013 0.004308023549094611
304.998 0.004164103553226467
306.0335 0.004033469172111809
307.025 0.0038824102533707855
308.014 0.0037444871420693193
308.9985 0.0035859989481816096
310.0295 0.003441289321660511
311.0245 0.003275510363373535
312.0175 0.0031229898676599643
312.9975 0.002948943107637065
314.0325 0.0027890260104485934
315.023 0.002607653121133098
316.013 0.0024401766170203884
316.997 0.0022508049309950887
318.0315 0.0020750744939791177
319.019 0.001877238708732281
320.008 0.0016927988789177395
321.0085 0.0014865142524196021
321.9975 0.0012943203532653647
323.0175 0.0010803769374035602
324.008 0.0008800668624634415
325.0055 0.0006578817859807084
326.032 0.0004488747756508926
327.0215 0.00021753378232224627
328.0055 -0.0
