28.003 0.0
28.999 -0.0021342210980363025
29.999 -0.004251957903696202
31.001 -0.0063533567921392
31.997 -0.008438732282582666
33.0025 -0.010507170767285478
34.0065 -0.012560326980751157
35.008 -0.014596057697556819
36.0115 -0.016616439803585816
37.0025 -0.01862170045761947
38.0005 -0.020611581151828182
39.0005 -0.022584708057804735
39.9965 -0.02454266987882824
41.0065 -0.026484314566706434
42.01 -0.028409248089190105
43.0025 -0.030319090972042616
43.9935 -0.03221296317274016
44.996 -0.03409248216578208
45.999 -0.03595563777310487
46.996 -0.03780380890658795
47.9985 -0.03963680640329294
49.007 -0.04145401414201476
49.997 -0.04325629061134177
50.9985 -0.04504232764687363
52.0035 -0.04681311886877518
53.0 -0.04856912571806517
54.003 -0.050309694647552146
55.0175 -0.0520344273901736
56.0085 -0.053744003338805864
57.0145 -0.0554382196135907
57.9965 -0.05711755016330543
59.0 -0.058780670823088986
60.018 -0.060428227174894544
61.0005 -0.06206071547554963
61.999 -0.06367976357267267
63.019 -0.06528263398117531
63.999 -0.06687048391212047
65.0095 -0.06844415006447864
66.019 -0.07000238000721419
66.997 -0.07154564812978166
67.999 -0.07307450015455133
69.0115 -0.07458800238137821
70.0105 -0.07608588262868404
71.016 -0.0775687697668049
72.001 -0.07903628869841907
72.9985 -0.08048945718289116
74.022 -0.08192742850085953
75.006 -0.08335073047659437
75.9975 -0.08476037710128005
77.0215 -0.08615418175792178
78.019 -0.08753365661987696
78.997 -0.08889881881320315
80.0025 -0.0902486657514767
81.025 -0.09158286388013404
82.022 -0.09290240547020172
83.018 -0.09420693822697658
84.0055 -0.09549718817073269
84.997 -0.09677220884188346
86.014 -0.09803254885260329
87.019 -0.09927872381249704
88.002 -0.10050947450860978
89.0235 -0.10172627657291458
90.0205 -0.10292802843372037
91.0035 -0.10411404635951761
92.0215 -0.10528639613015131
93.0215 -0.10644408093753777
94.0085 -0.1075875220265882
94.9955 -0.10871542428923012
96.005 -0.10983010429944447
97.0155 -0.11092949937202996
98.0045 -0.1120149474286042
99.023 -0.11308579125587864
100.013 -0.1141420038709304
100.9995 -0.1151838037326639
102.0195 -0.11621086531379989
103.024 -0.11722358731418693
104.015 -0.11822201012805492
104.9975 -0.11920600174444233
106.0035 -0.12017570771201498
107.014 -0.12113116523692889
107.9975 -0.12207194779112569
109.0015 -0.12299787624412248
110.023 -0.12390998958992633
111.014 -0.12480773173724904
111.9965 -0.12569158846102452
113.0005 -0.12656078109634178
114.026 -0.1274155261982389
115.022 -0.1282558016324034
116.0085 -0.12908211899411093
117.008 -0.12989309409602431
118.0115 -0.13068989393419841
118.995 -0.13147257529964992
120.0 -0.13224047505061856
121.024 -0.13299440229727766
122.0145 -0.13373459177927055
123.0005 -0.13446027695261456
124.0115 -0.13517146364748053
125.0295 -0.13586885782952235
126.0215 -0.13655191128103567
127.002 -0.13722110890983583
128.029 -0.13787581446113167
129.0095 -0.13851598556178807
130.011 -0.13914210807941604
131.002 -0.13975386524559955
132.0265 -0.14035207727630028
133.0225 -0.14093512017383458
134.0125 -0.14150498421907773
135.0085 -0.14206064441551366
136.0115 -0.14260245692642978
136.998 -0.14312952350028352
137.999 -0.14364281872250068
139.021 -0.14414285782173342
140.007 -0.14462785913607312
140.996 -0.14509868887152594
142.0055 -0.1455551750386452
143.022 -0.1459981368472523
144.0175 -0.1464281201057243
145.006 -0.14684370240095926
146.001 -0.147244801008119
147.0305 -0.14763253480004176
148.0245 -0.1480060955113694
149.0175 -0.14836571086625489
150.002 -0.14871141512295255
151.0225 -0.1490430010850909
152.016 -0.14936011995169013
152.998 -0.14966410620258194
154.0265 -0.14995408040422542
155.021 -0.15023028951740144
156.012 -0.15049313253648214
157.0045 -0.15074198195855218
158.011 -0.15097643965942048
159.0195 -0.15119673307354006
160.016 -0.15140301405891307
161.004 -0.1515965361272493
162.0035 -0.15177588004803025
163.0215 -0.15194106737535962
164.0045 -0.15209173164694703
165.019 -0.15222914939904814
165.996 -0.15235303206756076
167.0285 -0.15246299002541233
168.016 -0.15255912437823194
169.005 -0.15264187100681728
170.0215 -0.15271121063802637
171.015 -0.15276672138317093
172.001 -0.15280870684613795
173.027 -0.1528365107431581
174.0255 -0.15285080833127954
175.022 -0.15285200629212997
176.017 -0.15283901715132373
177.002 -0.15281234746841443
178.0015 -0.15277346664661587
179.0245 -0.1527204047321939
180.021 -0.1526544963384073
181.0 -0.15257403394365393
182.0295 -0.1524808002042937
183.023 -0.15237309006010832
184.005 -0.15225214014071184
185.032 -0.15211746846622515
186.0275 -0.1519690150174189
187.018 -0.15180719844432872
188.0015 -0.15163174618922648
188.9975 -0.15144372720413943
190.0235 -0.15124216767263307
191.0085 -0.15102767019208238
191.9975 -0.15079970628241132
193.007 -0.15055857496633712
194.0255 -0.15030281931087627
195.008 -0.1500345583431472
196.0105 -0.14975267827359837
197.013 -0.14945729525991036
197.995 -0.14914902581084977
199.008 -0.1488276494343938
200.027 -0.14849224872101358
201.0175 -0.14814342565650424
202.0035 -0.14778168507248468
203.0295 -0.1474066103144523
204.02 -0.14701838147271531
205.007 -0.14661725174901888
205.996 -0.146202805150777
207.028 -0.145775482581768
208.019 -0.14533431424637253
209.005 -0.14488004050091113
210.022 -0.14441226387225536
211.01 -0.14393070714837844
212.013 -0.14343730470133514
213.0065 -0.1429288354032268
214.007 -0.1424082424065686
215.01 -0.1418736380589472
216.0025 -0.1413265572440886
217.0205 -0.1407661739401518
218.023 -0.14019276308255255
219.017 -0.13960644491823965
220.003 -0.13900668962182172
221.0205 -0.13839458762004775
222.017 -0.13776934136838392
223.007 -0.13713070943078598
224.0035 -0.13647889218930623
225.0025 -0.13581486815095253
226.023 -0.13513722807159265
227.0105 -0.1344463392344261
228.0035 -0.13374304521093638
229.009 -0.13302701722535354
230.025 -0.13229719681112426
231.023 -0.13155470812256576
232.01 -0.13079929976745686
233.0085 -0.13003142839468532
234.0045 -0.1292503139021016
235.025 -0.12845496665964698
236.0145 -0.12764783670600222
236.9985 -0.12682757190890834
238.028 -0.125994852356992
239.0235 -0.12514897774440414
240.015 -0.12428981408691932
240.998 -0.12341767329588138
242.0305 -0.12253338602185274
243.0215 -0.12163606741175056
244.004 -0.12072595286833156
245.027 -0.11980328893853827
246.008 -0.11886797204361477
247.007 -0.11792048798233673
248.0125 -0.11695946824521336
248.997 -0.11598585775305346
250.017 -0.11500057705669874
251.029 -0.1140025395392412
252.0175 -0.11299101768800549
252.999 -0.11196706787944409
254.016 -0.11092978477028721
255.028 -0.10987900788458731
256.022 -0.10881705041489025
257.005 -0.10774256986374046
258.0245 -0.10665504980372476
259.0225 -0.1055554138728273
260.0145 -0.10444299654599981
261.0035 -0.10331761831017533
262.0005 -0.10217905060082394
263.014 -0.10102806501716778
264.001 -0.09986439949498783
265.0165 -0.09868863167950546
266.0195 -0.09750021569956892
267.01 -0.09629952036132002
268.0015 -0.09508724010045166
269.0225 -0.09386240003029711
270.007 -0.09262431351564715
270.996 -0.0913747138753258
272.012 -0.09011199279167213
273.013 -0.08883606504764117
274.0 -0.08754843986950783
275.0205 -0.0862489921388368
276.0105 -0.084937398247862
276.998 -0.08361409749907268
278.0145 -0.08227820557556459
279.012 -0.08092826447125363
279.998 -0.07956736537696728
281.016 -0.0781937378388657
282.008 -0.07680744834397388
282.9975 -0.07541004830445139
284.012 -0.07399979494915158
285.021 -0.07257738495260309
286.0085 -0.07114281001218158
287.01 -0.06969570099745027
287.998 -0.06823711626114697
289.027 -0.06676519337836788
290.012 -0.06528247296532418
291.0005 -0.06378690860190209
292.018 -0.06227941259739199
293.0175 -0.0607598969082606
294.0135 -0.059228016793798986
294.996 -0.05768453678794332
296.0255 -0.05612814471211129
297.0245 -0.05456036318992088
298.023 -0.05298003147701734
299.013 -0.051387591099467764
300.003 -0.04978285874718748
301.0275 -0.048166239011593615
302.016 -0.04653720043127422
303.002 -0.04489661990018032
304.022 -0.04324396019717025
305.008 -0.041579369045039845
306.0025 -0.03990237431480041
307.0385 -0.038214404789520116
308.023 -0.036513867815330066
309.016 -0.03480158458259134
309.9955 -0.033077328721545673
311.0295 -0.03134012192594645
312.018 -0.0295916421280928
313.004 -0.02783110156242768
314.025 -0.026059118408674618
315.0145 -0.024275620395989933
315.997 -0.022480009449723348
317.0325 -0.02067155622336068
318.022 -0.018851678816684328
319.0055 -0.01702115959670692
320.026 -0.015177158248469502
321.0195 -0.013321579426006508
322.0065 -0.011453484399214519
322.998 -0.009573985417229246
324.0355 -0.007681913762468439
325.0265 -0.0057790446148376215
326.0215 -0.003864470706497828
327.011 -0.0019379894931722127
328.0025 0.0
