28.0305 0.0
29.008 -0.002020804198722139
30.006 -0.0040292379953004035
31.0085 -0.006025731984928099
32.006 -0.008009696846990788
33.0115 -0.009981434829698144
34.0065 -0.011940466811757845
35.0155 -0.013887254375215883
35.997 -0.01582173930224709
37.022 -0.01774395070944847
38.007 -0.01965262152227419
39.0075 -0.021549889959226284
40.0125 -0.02343497241078322
40.9975 -0.02530782505360734
42.0165 -0.02716846266970107
43.0135 -0.029016018363317343
43.9995 -0.03085227557513591
45.0085 -0.03267630454858473
46.014 -0.034488284636962845
47.0035 -0.03628777856804261
48.0295 -0.038074908166652925
49.0165 -0.039849068169469225
49.997 -0.04161252380337604
51.021 -0.04336220367313093
52.0045 -0.04510059027981419
53.017 -0.04682674104328991
54.001 -0.0485405324066255
55.021 -0.05024194321145503
56.0025 -0.05193115295045313
57.0225 -0.05360775258428005
58.0045 -0.05527217059405734
59.022 -0.056923510764774074
60.004 -0.05856355731282806
61.0235 -0.0601910973901871
62.0045 -0.061806720786994965
63.028 -0.06340922738939643
64.014 -0.06499948259754969
65.004 -0.0665782487212836
66.008 -0.06814450572392976
67.0205 -0.06969769609759359
68.002 -0.07123946747772784
69.033 -0.0727679014480162
70.0245 -0.07428375320103581
71.0085 -0.07578799894460435
72.0095 -0.07727934606968989
73.0125 -0.07875811368898782
74.0015 -0.08022451908173446
75.027 -0.08167803656053611
76.024 -0.08311968568551473
77.008 -0.08454915753828565
78.0075 -0.08596547481779471
79.0125 -0.08736818366462172
80.0025 -0.08875892449090958
81.013 -0.09013765998422937
82.02 -0.0915026229939107
83.003 -0.09285528743799702
84.001 -0.09419575817424711
85.0155 -0.09552391282863312
86.0035 -0.09683834017258763
87.013 -0.09814102462096382
88.004 -0.09943054100207194
89.033 -0.10070718428003364
90.021 -0.10197140040636343
91.003 -0.103223601528439
92.0135 -0.10446227161587249
93.0055 -0.105688888296737
94.0245 -0.10690200759974197
95.013 -0.10810149800771465
95.999 -0.10928874608718053
97.035 -0.11046336960912694
98.0185 -0.11162494363598265
99.0015 -0.11277287029284314
100.0145 -0.11390843683920561
100.996 -0.11503099629174586
102.0305 -0.1161405668341849
103.0225 -0.11723705805818913
104.01 -0.11832019223312863
105.011 -0.11939079070305661
106.0005 -0.12044925995911451
107.031 -0.1214942475679053
108.017 -0.12252621975427176
108.998 -0.12354522390468288
110.017 -0.12455114757141475
110.9965 -0.1255437225038428
112.023 -0.12652363244118245
113.0045 -0.12749023583535438
114.013 -0.12844319868122012
114.995 -0.1293839640090702
116.0265 -0.1303111164012508
117.011 -0.1312250346979902
118.0065 -0.13212536953779777
119.0075 -0.13301273010409081
120.0085 -0.13388767000524848
120.999 -0.13474896566434186
122.0175 -0.13559680285655273
122.9995 -0.1364315943760211
124.0265 -0.13725274986556743
125.0065 -0.13805974491451484
126.008 -0.13885474294079853
127.01 -0.13963561116642081
128.007 -0.14040277942149695
129.0085 -0.1411572201984143
130.0065 -0.14189851483876104
131.0135 -0.1426265441640919
132.003 -0.14334096089210302
133.0285 -0.14404120077269292
134.029 -0.14472841726707866
135.0175 -0.1454015280323295
135.9995 -0.14606210068134412
137.0345 -0.14670802970999333
138.0335 -0.147340457401386
139.027 -0.14795988482410233
140.0125 -0.14856546617290572
141.0045 -0.14915809647878278
142.0225 -0.14973573819157493
143.0235 -0.15030047268120858
144.0085 -0.1508514849562948
145.0005 -0.15138891846024796
146.0085 -0.15191259834248722
147.003 -0.15242261077881095
148.028 -0.15291897124961426
149.0055 -0.15340134031150235
150.0005 -0.1538705430226369
151.0065 -0.1543256023028293
152.017 -0.15476663994988007
153.004 -0.15519420090991987
154.0175 -0.15560687851610322
155.0045 -0.15600633474642747
156.0225 -0.15639134832097068
157.0075 -0.156763171328718
158.004 -0.15712092976946404
159.027 -0.15746435483936988
160.022 -0.1577947141673107
161.0085 -0.15810985751116324
162.007 -0.15841203729023348
163.011 -0.15869875668678293
164.003 -0.15897189157470884
165.032 -0.15923037682415828
166.0175 -0.1594745582047659
167.004 -0.15970527858524192
168.024 -0.15992154766767214
169.0155 -0.16012422595756903
169.996 -0.1603129960629478
171.033 -0.16048762773262765
172.023 -0.160648228641733
173.0035 -0.1607942344515901
174.0045 -0.16092623021396474
175.015 -0.16104374354147172
175.9985 -0.16114716809897453
177.0335 -0.16123614706081152
178.0185 -0.1613106255281092
179.004 -0.16137156014475038
180.0115 -0.1614176256695594
180.9995 -0.1614495434588617
182.0285 -0.16146767177766233
183.015 -0.16147067815004007
183.9995 -0.16145938652294628
185.0335 -0.16143320525694943
186.0235 -0.16139319256905518
187.0045 -0.16133853203050885
188.022 -0.16126990589925735
189.013 -0.16118582657792976
190.0025 -0.16108768035202597
191.0355 -0.16097471973609057
192.0265 -0.16084774258863715
193.0155 -0.16070649364585698
194.003 -0.16055014982139562
195.017 -0.1603791788956891
195.9985 -0.1601937999349031
197.0185 -0.15999380817644124
197.9975 -0.15977961624776332
199.0175 -0.1595505991624403
200.0005 -0.15930582650597974
201.014 -0.15904630778267562
202.0025 -0.15877226064051733
203.0295 -0.15848401058875392
204.0135 -0.1581803726091794
205.0025 -0.15786215440913803
206.0025 -0.15752889741752954
207.006 -0.1571818319359608
207.997 -0.15681913715127369
209.024 -0.15644180375998226
210.01 -0.156049463501581
211.004 -0.15564199008942234
212.037 -0.1552198276849248
213.019 -0.1547829594243186
214.0065 -0.1543312495686084
214.9955 -0.15386438340932374
216.0245 -0.15338302394462716
217.013 -0.15288674287388854
217.9975 -0.15237539521679036
219.032 -0.1518490838761493
220.0225 -0.15130649587414435
221.0085 -0.15074884281120565
222.006 -0.15017547442936224
223.027 -0.14958677425902075
224.0115 -0.1489822770082045
225.001 -0.14836382695625655
226.0255 -0.1477298028918156
227.013 -0.14708081828446717
227.9965 -0.1464169082918673
229.0215 -0.14573745329974336
230.0075 -0.14504262968159987
231.0045 -0.14433248409659405
232.025 -0.14360702425012728
233.01 -0.14286712229968834
234.0025 -0.1421121554824798
235.027 -0.14134171592263156
236.016 -0.14055560106359688
237.001 -0.139753376307729
238.018 -0.13893586997868748
239.005 -0.1381029674873266
240.0165 -0.13725460799154568
241.0025 -0.1363904798977351
242.017 -0.13551094545679013
243.005 -0.134615986585413
244.023 -0.13370518366669765
245.0125 -0.13277892856322823
246.004 -0.13183760798884817
247.026 -0.1308806344834879
248.01 -0.1299075812145519
249.004 -0.12892046012686303
250.022 -0.12791682760410122
251.003 -0.12689735317302653
252.016 -0.12586239805263505
253.005 -0.12481196596598865
254.032 -0.12374495723138454
255.015 -0.12266218720299799
256.0025 -0.12156419705371413
257.0325 -0.12045002099703087
258.0205 -0.11932031309904054
258.999 -0.11817568464345614
260.0285 -0.11701480296805808
261.011 -0.1158381251508327
261.997 -0.11464472505613048
263.031 -0.11343578461592504
264.017 -0.11221116890940787
265.006 -0.1109713546602481
265.997 -0.10971493079616988
267.017 -0.10844296238557508
268.01 -0.10715527811307396
269.0015 -0.10585107429267313
270.024 -0.1045312907537513
271.008 -0.10319516990030014
272.0085 -0.1018429138885692
272.996 -0.10047579906488813
274.0235 -0.09909222808011738
275.009 -0.09769183982787337
276.0045 -0.09627548118677873
277.0255 -0.0948427890112153
278.014 -0.09339434297079155
278.998 -0.09192997035441318
280.0245 -0.09044996289718589
281.0085 -0.08895321806284064
282.001 -0.08744061330093073
283.028 -0.08591160402264351
284.0145 -0.08436605602397028
285.002 -0.08280479946529877
286.0165 -0.08122765405596169
287.0025 -0.07963380641654264
288.014 -0.07802427106961425
288.9985 -0.07639822860537031
290.0195 -0.0747565126120164
291.007 -0.07309752789359016
291.9975 -0.0714223735218343
293.024 -0.06973066403979677
294.014 -0.06802254507290277
295.0025 -0.0662979857029091
296.003 -0.06455687801988447
297.0025 -0.0627992185242035
298.005 -0.061025437892596665
299.013 -0.05923455354540008
299.999 -0.05742678452821762
301.01 -0.05560336358433869
301.9975 -0.053762524043397986
303.013 -0.0519050878607595
303.9965 -0.050030626089871674
305.0185 -0.048138948618743155
306.003 -0.046231889128062746
307.01 -0.044307843777256294
308.005 -0.042367008765691695
309.0205 -0.04040920764747628
310.0045 -0.03843468408957811
311.0135 -0.036443212317372756
312.0035 -0.03443410089857136
313.0265 -0.032409373196393886
314.011 -0.030367051789585393
314.996 -0.02830853748408195
316.018 -0.026233151519252058
317.004 -0.024140091024211715
318.0065 -0.022030233820001018
319.0045 -0.01990366175496059
320.017 -0.01776064226156586
320.999 -0.015600219516157691
322.008 -0.013423006409270357
323.006 -0.01122762505673518
324.0205 -0.009015744138764156
325.0075 -0.006786973322182643
325.9995 -0.0045419483323194095
326.997 -0.0022795011624133937
328.0005 0.0
