27.996 -0.0
29.0015 -3.4926020749215074e-05
30.0025 -5.713423313521114e-05
31.005 -9.146285340846591e-05
31.9955 -0.00011218739228339471
32.9985 -0.0001444939065626278
34.0025 -0.0001645801044585747
34.998 -0.00019608992721874448
35.996 -0.00021372101782939426
37.003 -0.0002437863593750464
37.998 -0.0002608928757459987
39.0035 -0.0002904845964752656
39.996 -0.00030770319666815343
41.0015 -0.0003356796670050677
42.001 -0.00035040761074574267
43.002 -0.0003784164280613289
44.0105 -0.00039261330339387945
45.0085 -0.0004190733547240477
46.0145 -0.0004331562630783478
47.0 -0.000460529350945732
47.996 -0.0004739406186476114
49.0025 -0.0004990251956501143
50.004 -0.0005118995378659077
51.0 -0.0005371148760883876
51.9965 -0.0005499392249063706
52.9975 -0.000575689313410857
54.0045 -0.0005874945287797223
55.0135 -0.0006117175201228939
55.9985 -0.0006239915301766708
56.9985 -0.0006474736509899034
58.0175 -0.000658428429860948
59.002 -0.0006825080732608471
59.999 -0.0006929638272993865
61.017 -0.0007163013720847336
62.0 -0.000726717059779336
62.993 -0.0007497012976715456
64.001 -0.0007595719040170285
65.0035 -0.0007819585936495038
66.02 -0.000791817400784614
66.997 -0.0008143123038902023
67.999 -0.0008236802991057612
69.0175 -0.0008465744204812359
69.9955 -0.0008558106739022242
71.0025 -0.000877872164429444
72.015 -0.0008872631090682259
73.0025 -0.0009091087569366579
73.994 -0.0009163779030071373
75.024 -0.0009372754083648432
76.0165 -0.0009457797100135557
77.002 -0.0009659375848737467
78.0145 -0.0009726896533124724
79.0025 -0.0009938583332104317
80.022 -0.0010012823935420245
81.0105 -0.001020761344632734
82.009 -0.001028101323628336
83.0025 -0.0010481347552195736
84.029 -0.0010553866643282783
85.027 -0.0010754363935747968
86.0205 -0.001081041614646172
87.0125 -0.0010990656725932552
88.001 -0.0011048365350877914
89.004 -0.0011236802577461041
90.029 -0.001129536190472638
91.0255 -0.0011478693732907136
92.0225 -0.001152703831024171
93.009 -0.0011708846754185376
94.0125 -0.0011763856306740844
94.996 -0.0011944945746588526
96.028 -0.0011986584307401432
97.0165 -0.0012165973314900713
98.0015 -0.0012211275358529339
99.0255 -0.00123871461973811
100.022 -0.0012425174621145257
101.013 -0.0012587566447381932
102.0105 -0.0012618871896572514
102.9955 -0.0012783629739084451
104.0295 -0.0012822859754600818
105.021 -0.0012992148301285006
106.0095 -0.0013019229825405598
107.006 -0.0013186273341481147
108.017 -0.0013219476436798216
109.011 -0.001337345142293972
109.998 -0.0013392764275873825
111.005 -0.0013543694810446982
112.0265 -0.0013561659690792816
113.028 -0.0013708128746778847
114.022 -0.0013726774123228591
115.0105 -0.0013876616590901003
116.006 -0.0013893262555978725
117.023 -0.0014045484407058662
118.004 -0.0014060347282503216
119.029 -0.0014217087202874068
120.024 -0.0014223548291253107
121.0115 -0.0014376944742419129
122.0085 -0.0014393804171109192
123.0095 -0.001453214369835365
124.018 -0.0014534857565249304
125.0085 -0.0014672580898135446
126.0105 -0.00146631865659963
126.9975 -0.0014811667049666744
127.9975 -0.0014807770916052954
129.025 -0.0014931120050539204
130.02 -0.0014922558063320546
131.001 -0.00150552603675283
132.0295 -0.0015045510279909635
133.017 -0.0015171383967961527
133.9995 -0.0015153012652311393
135.0275 -0.0015266963027192604
136.027 -0.001525070385942462
137.017 -0.0015360514921793356
138.0025 -0.0015330288994181707
139.0125 -0.0015448146258012219
139.9995 -0.0015424595431380583
141.027 -0.001553687464401432
142.016 -0.0015505400006873837
142.995 -0.0015601824485919347
144.031 -0.0015557360823530986
145.0165 -0.0015660491976764446
146.004 -0.0015626813477261636
147.02 -0.0015716283956687671
148.007 -0.0015666084996747154
149.008 -0.0015764235219726253
150.0075 -0.0015712363428362353
151.0165 -0.0015805182371206594
151.996 -0.0015756514389197451
153.0305 -0.0015847324374592964
154.025 -0.0015795025845202482
155.024 -0.0015879223049178048
156.024 -0.0015818958215354506
157.0095 -0.0015898440962415494
158.011 -0.0015830401182810316
158.998 -0.0015911835984543654
160.0015 -0.0015838051490771332
161.0215 -0.0015906958935756887
162.0165 -0.001582142122803748
162.9995 -0.0015881958152356157
164.032 -0.0015803085339658185
165.027 -0.0015858419502801646
166.018 -0.0015764176814868636
167.007 -0.0015817173808175544
168.0025 -0.0015723968146550693
169.033 -0.001578240821480753
170.026 -0.0015689052905449863
171.0255 -0.0015745762601193092
172.0225 -0.0015657400005226474
173.0085 -0.0015704508318847843
174.0055 -0.001560332508828921
175.022 -0.0015647802660594956
176.0105 -0.0015540638118702599
177.003 -0.0015585071222852798
177.998 -0.0015473307515526113
179.0245 -0.0015513238653225014
180.022 -0.001540059529850757
181.0135 -0.0015428305182044466
182.006 -0.00153098179610614
183.023 -0.0015337308910591818
184.0075 -0.0015219991800563826
185.009 -0.0015249483549628073
186.01 -0.0015122231596301494
187.017 -0.0015150940610187402
188.002 -0.0015025050786971472
188.999 -0.0015038505351191445
190.0225 -0.0014903498583204722
191.0045 -0.0014921378072346725
191.998 -0.001478928245312816
193.023 -0.001481048248321043
194.0065 -0.0014670749953122064
194.9975 -0.0014683267133908107
196.003 -0.0014549025813309358
197.0275 -0.001456361624993463
198.0245 -0.001442288043327633
199.0165 -0.0014422564405370542
200.0135 -0.0014269724623007796
201.0025 -0.0014273753319014593
202.0215 -0.001412148990667994
203.006 -0.0014123830910858504
204.011 -0.0013961437095976748
204.9975 -0.0013956607414223332
206.022 -0.0013793129076698496
207.0105 -0.0013788184208312626
208.0065 -0.0013627497722739357
209.0085 -0.0013610027298490701
210.006 -0.0013443470899609788
211.014 -0.0013428597346395732
212.0085 -0.0013261167257270223
213.0105 -0.0013244918074279133
213.9955 -0.0013073793656583343
215.023 -0.0013052741877647156
216.011 -0.0012873201364057563
217.003 -0.0012849243663040633
217.9995 -0.0012671879463724278
219.0235 -0.001265059823879422
220.012 -0.00124766658177633
221.0025 -0.001243845322146303
222.004 -0.0012246529472678402
223.0265 -0.0012205061940630813
224.028 -0.0012005821126007954
225.025 -0.0011972155777048021
226.016 -0.0011783603484701588
227.01 -0.001174830250409542
228.012 -0.0011552809323522872
229.0115 -0.0011503001732083573
230.001 -0.0011300944603143681
231.024 -0.0011253533693197093
232.023 -0.001104416054213464
233.0125 -0.0011009315937198783
233.997 -0.0010803239370902884
235.025 -0.0010749525175418606
236.0245 -0.0010531618774431983
237.02 -0.0010477328496759641
238.0065 -0.0010262440488974234
239.0065 -0.0010204868848513182
240.008 -0.0009987893705318274
241.008 -0.0009927567538228488
242.0155 -0.0009711058988916832
243.001 -0.0009650569985440727
244.0295 -0.0009433776031302354
245.0245 -0.0009375826493584205
246.0105 -0.0009152901784453271
247.007 -0.0009095974734887879
248.011 -0.0008880053493972861
249.0045 -0.0008812802472442927
250.019 -0.0008588588399207342
251.0295 -0.000853337114022773
252.023 -0.0008309067583117946
253.0055 -0.0008241980833190166
253.996 -0.0008015549115634457
255.022 -0.0007956809946127463
256.018 -0.0007732412265231137
257.0035 -0.0007673295600814228
258.0175 -0.0007451910847135479
259.022 -0.0007390951760876674
260.013 -0.0007166303614519476
261.0015 -0.000710798039466734
262.0195 -0.0006874582480951158
263.013 -0.0006814902266285283
263.999 -0.0006602134901887435
265.0105 -0.0006545768212757874
266.0195 -0.0006328265765103702
267.0045 -0.0006267874392602013
268.025 -0.0006040326590678741
269.009 -0.0005983312098247207
270.0075 -0.0005763430782908807
271.006 -0.0005707745484102855
271.995 -0.0005481607460647714
273.002 -0.0005428184569715166
274.0155 -0.0005207157941251039
275.007 -0.0005149256470816099
276.006 -0.0004920373389906696
277.0055 -0.0004874704570582561
278.002 -0.00046609128390193155
279.0 -0.0004609858363675001
280.013 -0.00043924835415921903
280.999 -0.00043539324748807784
282.021 -0.00041484651227564895
283.0155 -0.00041005237207464296
283.9975 -0.0003888934244965364
285.0165 -0.00038509504432888975
286.0195 -0.0003646736395123973
287.003 -0.00036128560512178887
288.024 -0.0003402138364106272
289.0225 -0.00033660215217115597
290.011 -0.00031688559769382785
291.0045 -0.0003136509337102328
292.0135 -0.00029406818343105656
293.02 -0.0002914171611097527
294.01 -0.0002714436908506923
295.007 -0.00026915734791838064
296.005 -0.0002494794351874663
297.0245 -0.00024754776507139586
298.0165 -0.00022883906522702668
299.0055 -0.00022698718090993775
299.998 -0.00020789100750498446
301.0295 -0.0002060708504879466
302.02 -0.00018751854066746676
303.0075 -0.0001872249505283849
304.013 -0.00016920922515167164
304.998 -0.0001679398625821435
306.0335 -0.0001498561336138668
307.025 -0.00015018419188366633
308.014 -0.00013306706181361733
308.9985 -0.00013263995008951784
310.0295 -0.00011521089574609983
311.0245 -0.00011567796524733498
312.0175 -9.884423266925957e-05
312.9975 -0.00010012948620727324
314.0325 -8.408509822891569e-05
315.023 -8.497966569626439e-05
316.013 -6.870381832146596e-05
316.997 -6.974156338040993e-05
318.0315 -5.350989080566554e-05
319.019 -5.573490655635255e-05
320.008 -4.1041869851113355e-05
321.0085 -4.37774189473647e-05
321.9975 -2.900239568583672e-05
323.0175 -3.256863391463451e-05
324.008 -1.7943359871937237e-05
325.0055 -2.236646692332575e-05
326.032 -8.768712135556397e-06
327.0215 -1.3389252842577973e-05
328.0055 -0.0
