28.041 0.0
29.0085 -0.0020479340269479087
30.007 -0.004082400766312838
31.0225 -0.006104666746152893
32.003 -0.008113834883476584
33.005 -0.010110338427925889
34.0155 -0.012094259101229599
35.0065 -0.014065660546272521
35.9965 -0.01602414132695881
37.0145 -0.017970510965645628
38.0095 -0.01990480612335794
39.0065 -0.021825755558896858
40.0145 -0.023734210842757005
41.0045 -0.02563097468976335
42.0055 -0.027515637256197614
43.009 -0.02938659182111606
44.0045 -0.0312454793717269
45.009 -0.03309275635280516
46.013 -0.034928424133446635
47.0005 -0.03675088223923889
48.0195 -0.03856102456831111
49.014 -0.04035806238405934
50.0025 -0.04214383285939803
51.013 -0.04391747672907181
52.0035 -0.04567872669998486
53.0325 -0.04742666234754766
54.022 -0.049162336213819255
55.0075 -0.050884582677971774
56.0075 -0.05259531720597007
57.002 -0.05429334149032177
58.026 -0.05597935425118162
59.011 -0.05765213700645346
60.0035 -0.05931336099938894
61.0345 -0.060961627674230655
62.0245 -0.06259719167029124
63.0125 -0.06422106519815357
64.0015 -0.06583268720493934
65.0325 -0.06743204501369882
66.018 -0.06901840908962394
66.9985 -0.07059202282459456
68.029 -0.07215326381492115
69.016 -0.07370076901014681
70.0015 -0.07523630468674761
71.026 -0.07675898926190705
72.014 -0.07826953308484451
73.0045 -0.07976762376162633
74.0365 -0.0812523367125305
75.021 -0.08272475315062541
76.001 -0.08418513528433468
77.024 -0.08563301620594733
78.0065 -0.08706768001900518
78.996 -0.08848979201177813
80.029 -0.08989833282639244
81.012 -0.0912944425116599
82.003 -0.09267799451223642
83.02 -0.09404812776884909
84.0215 -0.09540510819366044
85.0095 -0.09674988580520487
86.01 -0.09808213604115881
86.9995 -0.0994016512657889
88.0285 -0.10070762794600792
89.0125 -0.10200116019075281
90.0025 -0.10328122107352028
91.0205 -0.10454845846505255
92.0265 -0.1058026250244872
93.0165 -0.10704393026833227
93.999 -0.10827267013795326
95.0235 -0.10948835640503495
96.019 -0.1106909987464913
97.0145 -0.11188122729671668
98.003 -0.11305685676966822
99.0235 -0.11421965400206104
100.009 -0.11536939073422459
101.006 -0.11650630119119182
102.01 -0.11763035231861642
102.9955 -0.11874071561802062
104.0225 -0.11983876328554648
105.006 -0.12092379341011607
106.0105 -0.12199563613804443
107.002 -0.1230541328719869
108.035 -0.12409956667157679
109.023 -0.12513154981440577
110.009 -0.1261501504113102
110.996 -0.12715554434373116
112.017 -0.12814783638096963
113.0005 -0.12912672216075632
114.0255 -0.13009230115366482
115.0135 -0.13104426476759828
115.996 -0.13198315637088082
117.0265 -0.13290868893542368
118.008 -0.13382057929236912
119.0125 -0.13471957435112364
120.001 -0.13560535795580667
121.036 -0.13647671193945654
122.025 -0.1373349498513803
123.021 -0.13818002177292363
124.007 -0.13901104666869743
125.007 -0.1398289967595215
125.997 -0.1406341567879884
127.0195 -0.14142466170924037
128.0065 -0.14220252181536763
129.006 -0.14296651372562527
130.0335 -0.1437162628151675
131.029 -0.1444531541123434
132.024 -0.14517517689157028
133.0075 -0.1458841405064013
134.0035 -0.14658000987373457
135.0365 -0.14726150221758239
136.028 -0.14792973727173078
137.012 -0.14858396998882187
138.007 -0.1492246160096375
139.01 -0.14985154412819912
140.0065 -0.15046521398587645
141.0075 -0.15106542212319957
142.0065 -0.15165149906454575
143.0055 -0.15222320914593354
144.003 -0.15278034578442803
145.0405 -0.15332356514201084
146.028 -0.15385285580922395
147.0155 -0.15436914761909024
148.0015 -0.1548707747161643
149.0385 -0.1553585545807179
150.0255 -0.15583212456914305
151.0125 -0.15629205317363087
152.0045 -0.15673800957936662
153.0295 -0.15716994009283514
154.0185 -0.15758826049695449
155.0035 -0.15799251581456752
156.0245 -0.15838190569897484
157.018 -0.1587576426387394
158.0085 -0.15911832516467256
158.9975 -0.15946611988773032
160.025 -0.15979971876524296
161.0185 -0.1601190125697699
162.0 -0.16042426045890135
163.0185 -0.16071500785952642
163.9965 -0.16099174049472276
165.021 -0.16125403128582613
166.0075 -0.16150194429265302
167.007 -0.16173501535389806
167.9975 -0.16195463685462944
169.0245 -0.16215922689325335
170.013 -0.16234971097298379
170.9965 -0.16252653769113345
172.013 -0.16268882227679754
173.0 -0.16283659645171872
174.02 -0.16296958709996165
175.0055 -0.16308823259746769
175.999 -0.16319219038683896
177.0265 -0.16328263127379514
178.0085 -0.1633579572954475
179.007 -0.1634195678940822
180.0045 -0.16346601160767868
181.0245 -0.1634974788306933
182.009 -0.1635148776288219
182.9975 -0.16351710217175686
184.033 -0.16350567434031948
185.024 -0.16347890117038807
186.0225 -0.16343782858656503
187.004 -0.16338251011121424
188.006 -0.16331191881161933
189.006 -0.1632262132165008
190.004 -0.16312664773317245
191.0175 -0.1630119038780579
192.0045 -0.16288220003690698
193.018 -0.16273794534079608
194.0045 -0.16257914412938462
195.0195 -0.16240582988942737
196.007 -0.16221810204340079
197.0075 -0.16201552097266886
197.9995 -0.1617983383995513
199.0195 -0.16156606859781147
199.9985 -0.16131789992495052
201.0185 -0.16105501120217164
202.0005 -0.16077736672568918
203.022 -0.16048486116536803
204.008 -0.1601769573735709
205.007 -0.15985396516245345
205.998 -0.15951648284399736
207.0185 -0.15916386361714677
208.0015 -0.15879607019862724
209.017 -0.15841385711348224
209.9995 -0.15801677798431546
211.0245 -0.15760398352427651
212.008 -0.1571767382813977
213.008 -0.15673405528146184
213.9965 -0.1562764970289957
215.0255 -0.1558026218576759
216.0155 -0.1553149920997914
217.0065 -0.1548116096412654
217.9975 -0.15429228274296128
219.015 -0.15375758448288718
220.005 -0.1532079466608406
221.0135 -0.15264336649431895
221.996 -0.15206429219931158
223.0155 -0.15146852937408342
223.998 -0.1508569924112918
225.024 -0.15023066653193928
226.0105 -0.14958918864329454
226.998 -0.14893195211135699
228.0185 -0.14825995234256542
229.0015 -0.14757220109661992
230.0135 -0.14686838235536695
230.9985 -0.14614925375990978
232.0125 -0.14541496316762417
232.9965 -0.14466527023322703
234.018 -0.14389990298637412
235.006 -0.14311869259824472
236.012 -0.14232226216028052
237.0045 -0.14150997377088173
238.029 -0.14068292127774806
239.0145 -0.1398394398740902
239.9985 -0.13898073172003467
241.023 -0.13810525928016573
242.006 -0.1372144288632189
243.007 -0.13630861140724299
243.999 -0.13538677637981658
245.0135 -0.13444969403869703
245.999 -0.13349677494946882
247.0125 -0.13252794854971947
247.9955 -0.13154365749387129
249.0165 -0.13054299905618322
250.003 -0.12952731179812663
251.0175 -0.12849512722979456
252.001 -0.12744736912617718
253.023 -0.12638298110369275
254.0035 -0.1253030867370714
255.0105 -0.12420645697110796
256.0 -0.1230949391889089
257.0285 -0.12196760751587936
258.0165 -0.12082443565007653
258.998 -0.11966398673000708
260.027 -0.1184879652069868
261.0145 -0.11729426052706879
261.9965 -0.11608636044933328
263.0285 -0.11486261780433209
264.016 -0.11362287725526835
265.0035 -0.11236648915881092
266.0305 -0.11109356253750316
267.023 -0.10980454452157626
268.0075 -0.1084998309747403
269.008 -0.1071794557736495
270.003 -0.10584251761936164
271.025 -0.10449009226217056
272.0125 -0.10312132075702393
273.006 -0.10173617749145328
274.003 -0.10033541595210262
275.0255 -0.09891711032049592
276.0145 -0.09748291805793471
276.9965 -0.09603308424183293
278.018 -0.09456606660922906
279.0065 -0.09308255752555676
280.0 -0.0915837237323175
281.012 -0.09006867868858064
282.0015 -0.08853686707487073
283.0165 -0.08698847882104715
284.0025 -0.08542436270953832
285.0165 -0.08384422384825463
286.011 -0.08224695159623001
287.001 -0.08063315153589926
288.023 -0.07900228557871809
289.013 -0.07735577498977332
290.0015 -0.07569251987736292
291.017 -0.07401228785108065
292.0035 -0.07231588514082618
293.0045 -0.07060357763152408
294.0045 -0.06887423503877835
295.0105 -0.06712839209145624
295.9975 -0.06536479913691351
297.015 -0.06358422038257616
298.0015 -0.06178697702711837
299.009 -0.059974240020895915
299.9995 -0.05814359430489128
301.0115 -0.0562966716399948
301.9985 -0.05443268256533918
303.0155 -0.05255246714602799
304.003 -0.05065521078447235
305.0135 -0.0487406259169292
305.996 -0.04680936989152698
307.006 -0.0448613206417295
307.999 -0.04289622798405596
309.0125 -0.04091327764669239
309.9975 -0.03891410905539854
311.0195 -0.03689822056532579
312.01 -0.03486548599756566
313.0065 -0.03281503442898036
314.0015 -0.03074768542032123
315.0175 -0.02866292894409577
316.003 -0.026561590454816437
317.0155 -0.024442517234691624
317.9985 -0.02230637723373169
319.019 -0.020153023021790596
319.9995 -0.01798263485797493
321.0145 -0.015795868552945333
321.9975 -0.013591155997914923
323.0075 -0.011368877399971295
323.9965 -0.009129711177526641
325.0155 -0.006873044510784139
326.0055 -0.004599452395787067
327.0085 -0.002308670522442053
327.997 0.0
