28.0 0.0
29.0 -0.002075651566666667
30.0 -0.0041513031333333065
31.0 -0.0062019846999999875
32.0 -0.008252666266666642
33.0 -0.010278347833333326
34.0 -0.012304029399999982
35.0 -0.014305235966666644
36.0 -0.016306442533333305
37.0 -0.018282674099999983
38.0 -0.02025890566666666
39.0 -0.022209657233333343
40.0 -0.024160408799999998
41.0 -0.026086675366666666
42.0 -0.02801294193333333
43.0 -0.029914233500000012
44.0 -0.03181552506666667
45.0 -0.0336913266333333
46.0 -0.03556712819999997
47.0 -0.037417964766666645
48.0 -0.039268801333333325
49.0 -0.04109414789999999
50.0 -0.04291949446666666
51.0 -0.04471985603333332
52.0 -0.04652021759999998
53.0 -0.048295109166666655
54.0 -0.05007000073333333
55.0 -0.05181940229999999
56.0 -0.053568803866666646
57.0 -0.055293235433333324
58.0 -0.057017666999999994
59.0 -0.05871611856666667
60.0 -0.06041457013333331
61.0 -0.06208753669999998
62.0 -0.06376050326666666
63.0 -0.06540748683333332
64.0 -0.0670544704
65.0 -0.06867597396666666
66.0 -0.07029747753333332
67.0 -0.07189351059999997
68.0 -0.07348954366666666
69.0 -0.07505959423333333
70.0 -0.0766296448
71.0 -0.07817371036666665
72.0 -0.07971777593333332
73.0 -0.08123586649999999
74.0 -0.08275395706666666
75.0 -0.08424606263333333
76.0 -0.08573816819999999
77.0 -0.08720479876666667
78.0 -0.08867142933333333
79.0 -0.0901110864
80.0 -0.09155074346666667
81.0 -0.09296491053333332
82.0 -0.09437907759999999
83.0 -0.09576676716666666
84.0 -0.09715445673333332
85.0 -0.0985156683
86.0 -0.09987687986666664
87.0 -0.10121211493333332
88.0 -0.10254735
89.0 -0.10385610006666668
90.0 -0.10516485013333333
91.0 -0.10644712419999998
92.0 -0.10772939826666665
93.0 -0.10898469283333333
94.0 -0.1102399874
95.0 -0.11146930396666667
96.0 -0.11269862053333332
97.0 -0.11390095759999999
98.0 -0.11510329466666666
99.0 -0.11627915173333334
100.0 -0.11745500880000001
101.0 -0.11860388686666666
102.0 -0.11975276493333332
103.0 -0.120874667
104.0 -0.12199656906666666
105.0 -0.12309198763333333
106.0 -0.12418740619999999
107.0 -0.12525534776666666
108.0 -0.12632328933333334
109.0 -0.12736475290000002
110.0 -0.12840621646666667
111.0 -0.12942019903333332
112.0 -0.1304341816
113.0 -0.13142118966666666
114.0 -0.13240819773333332
115.0 -0.13336822229999998
116.0 -0.13432824686666667
117.0 -0.13526079593333332
118.0 -0.136193345
119.0 -0.13709841506666667
120.0 -0.13800348513333333
121.0 -0.1388810772
122.0 -0.13975866926666666
123.0 -0.1406087818333333
124.0 -0.14145889439999998
125.0 -0.14228202846666665
126.0 -0.14310516253333333
127.0 -0.1438998181
128.0 -0.14469447366666666
129.0 -0.14546215273333332
130.0 -0.1462298318
131.0 -0.14696953086666667
132.0 -0.14770922993333335
133.0 -0.148421452
134.0 -0.14913367406666664
135.0 -0.1498174166333333
136.0 -0.15050115919999998
137.0 -0.15115742466666665
138.0 -0.15181369013333332
139.0 -0.1524419772
140.0 -0.15307026426666667
141.0 -0.15367007343333333
142.0 -0.15426988260000002
143.0 -0.15484221356666666
144.0 -0.1554145445333333
145.0 -0.1559578981
146.0 -0.15650125166666665
147.0 -0.15701712698333334
148.0 -0.1575330023
149.0 -0.15801989976666667
150.0 -0.15850679723333333
151.0 -0.15896571750000002
152.0 -0.15942463776666668
153.0 -0.15985458061333335
154.0 -0.16028452346
155.0 -0.16068648812666667
156.0 -0.16108845279333334
157.0 -0.16146143983
158.0 -0.16183442686666666
159.0 -0.16217893648333334
160.0 -0.1625234461
161.0 -0.16283947851666666
162.0 -0.16315551093333333
163.0 -0.1634420661
164.0 -0.16372862126666665
165.0 -0.16398669853333334
166.0 -0.1642447758
167.0 -0.16447387626666665
168.0 -0.16470297673333334
169.0 -0.16490309955000002
170.0 -0.16510322236666666
171.0 -0.16527386858333334
172.0 -0.1654445148
173.0 -0.16558618356666666
174.0 -0.16572785233333331
175.0 -0.16584054374999999
176.0 -0.16595323516666666
177.0 -0.16603644993333333
178.0 -0.1661196647
179.0 -0.16617340256666668
180.0 -0.16622714043333334
181.0 -0.1662514012
182.0 -0.16627566196666668
183.0 -0.16627044608333336
184.0 -0.1662652302
185.0 -0.16623053746666666
186.0 -0.16619584473333332
187.0 -0.16613117535
188.0 -0.16606650596666667
189.0 -0.16597235973333332
190.0 -0.1658782135
191.0 -0.16575409086666668
192.0 -0.16562996823333334
193.0 -0.16547586925000002
194.0 -0.16532177026666667
195.0 -0.16513769443333332
196.0 -0.1649536186
197.0 -0.16473956666666667
198.0 -0.16452551473333332
199.0 -0.16428148615000002
200.0 -0.16403745756666668
201.0 -0.16376295288333334
202.0 -0.16348844820000002
203.0 -0.1631839674166667
204.0 -0.16287948663333332
205.0 -0.1625445293
206.0 -0.16220957196666666
207.0 -0.16184413873333334
208.0 -0.1614787055
209.0 -0.16108279571666667
210.0 -0.16068688593333333
211.0 -0.16026000105000002
212.0 -0.15983311616666668
213.0 -0.15937575493333334
214.0 -0.1589183937
215.0 -0.15843055641166667
216.0 -0.15794271912333332
217.0 -0.157423906707
218.0 -0.15690509429066668
219.0 -0.15635530509533335
220.0 -0.1558055159
221.0 -0.15522525111666668
222.0 -0.15464498633333335
223.0 -0.15403324645
224.0 -0.15342150656666667
225.0 -0.15277829113333333
226.0 -0.1521350757
227.0 -0.15146088496666668
228.0 -0.15078669423333335
229.0 -0.15008152715
230.0 -0.14937636006666669
231.0 -0.14863971843333335
232.0 -0.1479030768
233.0 -0.1471344594166667
234.0 -0.14636584203333333
235.0 -0.14556624995
236.0 -0.14476665786666668
237.0 -0.14393508993333334
238.0 -0.143103522
239.0 -0.14224047806666668
240.0 -0.14137743413333334
241.0 -0.1404824167
242.0 -0.1395873992666667
243.0 -0.13866040833333332
244.0 -0.1377334174
245.0 -0.13677494746666666
246.0 -0.13581647753333334
247.0 -0.1348255356
248.0 -0.13383459366666667
249.0 -0.13281167673333336
250.0 -0.13178875980000002
251.0 -0.13073336786666667
252.0 -0.12967797593333336
253.0 -0.128590608
254.0 -0.12750324006666666
255.0 -0.12638339813333332
256.0 -0.1252635562
257.0 -0.12411124176666666
258.0 -0.12295892733333333
259.0 -0.12177413540000001
260.0 -0.12058934346666669
261.0 -0.11937207903333334
262.0 -0.1181548146
263.0 -0.11690457616666668
264.0 -0.11565433773333335
265.0 -0.1143711248
266.0 -0.11308791186666667
267.0 -0.11177222443333334
268.0 -0.11045653700000001
269.0 -0.10910737356666668
270.0 -0.10775821013333334
271.0 -0.1063760727
272.0 -0.10499393526666667
273.0 -0.10357882933333333
274.0 -0.1021637234
275.0 -0.10071563546666668
276.0 -0.09926754753333333
277.0 -0.0977854956
278.0 -0.09630344366666667
279.0 -0.09478840773333334
280.0 -0.0932733718
281.0 -0.09172436786666667
282.0 -0.09017536393333334
283.0 -0.08859338750000001
284.0 -0.08701141106666667
285.0 -0.08539495813333334
286.0 -0.08377850519999999
287.0 -0.08212908126666667
288.0 -0.08047965733333334
289.0 -0.07879575990000001
290.0 -0.07711186246666668
291.0 -0.07539398753333335
292.0 -0.07367611260000001
293.0 -0.07192426816666668
294.0 -0.07017242373333334
295.0 -0.06838660530000001
296.0 -0.06660078686666666
297.0 -0.06478049143333334
298.0 -0.06296019600000001
299.0 -0.061105430566666674
300.0 -0.059250665133333345
301.0 -0.05736193020000001
302.0 -0.055473195266666664
303.0 -0.05354948883333334
304.0 -0.051625782400000014
305.0 -0.04966759396666668
306.0 -0.04770940553333333
307.0 -0.04571624710000001
308.0 -0.043723088666666673
309.0 -0.041695460233333356
310.0 -0.039667831800000004
311.0 -0.03760523336666666
312.0 -0.035542634933333345
313.0 -0.03344456150000001
314.0 -0.03134648806666668
315.0 -0.029213939633333345
316.0 -0.027081391200000002
317.0 -0.02491336776666667
318.0 -0.022745344333333334
319.0 -0.020541855900000013
320.0 -0.018338367466666665
321.0 -0.016099409033333335
322.0 -0.013860450600000008
323.0 -0.011586007166666676
324.0 -0.009311563733333344
325.0 -0.007001660299999997
326.0 -0.004691756866666678
327.0 -0.0023458784333333683
328.0 0.0
