xSum_mm,ySum_mm
1,-2.44008199567778e-05
2,-0.0025114496761846
3,-0.00498784063179335
4,-0.00745259127023113
5,-0.00990471917494609
6,-0.0123452419293864
7,-0.014775177117
8,-0.0171925374798569
9,-0.0195983163945132
10,-0.0219935023961469
11,-0.0243750840199361
12,-0.0267460498010585
13,-0.0291053882746923
14,-0.0314530879760151
15,-0.0337881374402052
16,-0.0361125252024403
17,-0.0384232397978985
18,-0.0407232697617577
19,-0.0430106036291958
20,-0.0452882300466078
21,-0.0475521402183809
22,-0.0498033279068947
23,-0.0520447869857456
24,-0.0542725113285301
25,-0.0564884948088448
26,-0.0586927313002862
27,-0.0608852146764508
28,-0.0630649388109351
29,-0.0652328975773357
30,-0.067388084849249
31,-0.0695314945002716
32,-0.071664120404
33,-0.0737829565668949
34,-0.0758899975268737
35,-0.0779852379547181
36,-0.0800676725212097
37,-0.0821372958971302
38,-0.0841961027532611
39,-0.0862420877603841
40,-0.0882752455892808
41,-0.0902955709107329
42,-0.092305058395522
43,-0.0943007027144298
44,-0.0962844985382377
45,-0.0982574405377276
46,-0.100215523383681
47,-0.10216174174688
48,-0.104097090298105
49,-0.106018563708139
50,-0.107927156647762
51,-0.109824863787758
52,-0.111708679798907
53,-0.11357959935199
54,-0.115439617117791
55,-0.117285727767089
56,-0.119118925970667
57,-0.120940206399307
58,-0.12274856372379
59,-0.124543992614898
60,-0.126326487743412
61,-0.128098043780114
62,-0.129854655395785
63,-0.131599317261208
64,-0.133332024047164
65,-0.135050770424434
66,-0.136757551063801
67,-0.138451360636045
68,-0.140132193811948
69,-0.141799045262293
70,-0.143454909692856
71,-0.145096782614308
72,-0.146725660342215
73,-0.148342539227139
74,-0.149944415619641
75,-0.151534285870281
76,-0.153112146329621
77,-0.154675993348222
78,-0.156226823276645
79,-0.157764632465452
80,-0.159290417265203
81,-0.16080117402646
82,-0.162299899099783
83,-0.163785588835735
84,-0.165258239584876
85,-0.166716847697767
86,-0.16816340952497
87,-0.169595921417045
88,-0.171015379724555
89,-0.172421780798059
90,-0.173814120988119
91,-0.175194396645297
92,-0.176560604120153
93,-0.177913739763248
94,-0.179252799925145
95,-0.180579780956403
96,-0.181892679207585
97,-0.183191491029251
98,-0.184477212771962
99,-0.18575084078628
100,-0.187009371422766
101,-0.18825480103198
102,-0.189488125964485
103,-0.190706342570841
104,-0.191911447201609
105,-0.193103436207351
106,-0.194281305938628
107,-0.195445052746
108,-0.196596673219053
109,-0.197733164903461
110,-0.198856525583925
111,-0.199966753045143
112,-0.201062845071814
113,-0.202144799448638
114,-0.203214613960312
115,-0.204269286391538
116,-0.205309814527012
117,-0.206338196151436
118,-0.207351429049506
119,-0.208350511005924
120,-0.209336439805386
121,-0.210309213232594
122,-0.211266829072245
123,-0.212211285109039
124,-0.213142579127675
125,-0.214058708912852
126,-0.214960672249269
127,-0.215849466921625
128,-0.216724090714618
129,-0.217584541412949
130,-0.218431816801316
131,-0.219263914664418
132,-0.220081832786954
133,-0.220887568953624
134,-0.221677120949126
135,-0.222453486558159
136,-0.223215663565423
137,-0.223963649755616
138,-0.224697442913437
139,-0.225416040823586
140,-0.226122441270762
141,-0.226813642039663
142,-0.227489640914989
143,-0.228153435681439
144,-0.228801024123712
145,-0.229435404057406
146,-0.230055574008804
147,-0.230660533214876
148,-0.231251280943489
149,-0.231828816462512
150,-0.232390139039812
151,-0.232938247943257
152,-0.233472142440716
153,-0.233990821800056
154,-0.234495285289146
155,-0.234985532175852
156,-0.235461561728045
157,-0.23592237321359
158,-0.236368965900358
159,-0.236800339056214
160,-0.237217491949028
161,-0.237620423846668
162,-0.238009134017
163,-0.238382621727895
164,-0.238740886247218
165,-0.239085926842839
166,-0.239414742782626
167,-0.239729333334446
168,-0.240030697766167
169,-0.240315835345658
170,-0.240585745340786
171,-0.24084242701942
172,-0.241082879649427
173,-0.241309102498676
174,-0.241521094835034
175,-0.24171785592637
176,-0.241899385040551
177,-0.242066681445445
178,-0.242218744408921
179,-0.242355573198847
180,-0.24247716708309
181,-0.242584525329518
182,-0.242676647206
183,-0.242753532223845
184,-0.242816180868127
185,-0.242862593867362
186,-0.242894771950066
187,-0.242912715844755
188,-0.242914426279944
189,-0.24290090398415
190,-0.242873149685888
191,-0.242829164113674
192,-0.242769947996024
193,-0.242697502061453
194,-0.242607827038478
195,-0.242502923655614
196,-0.242384792641378
197,-0.242249434724284
198,-0.242098850632849
199,-0.241934041095588
200,-0.241754006841018
201,-0.241557748597653
202,-0.241346267094011
203,-0.241120563058607
204,-0.240877637219956
205,-0.240620490306575
206,-0.240348123046979
207,-0.240059536169683
208,-0.239755730403205
209,-0.23943770647606
210,-0.239102465116762
211,-0.23875200705383
212,-0.238387333015777
213,-0.23800644373112
214,-0.237609339928375
215,-0.237197022336057
216,-0.236769491682683
217,-0.236325748696768
218,-0.235865794106828
219,-0.235391628641379
220,-0.234901253060161
221,-0.234394668841069
222,-0.233873878180156
223,-0.233335883304696
224,-0.232781686441966
225,-0.232213289819241
226,-0.231628695663798
227,-0.231027906202911
228,-0.230411923663857
229,-0.229778750273912
230,-0.229130388260351
231,-0.228466839850449
232,-0.227787107271483
233,-0.227091192750729
234,-0.226380098515462
235,-0.225651826792958
236,-0.224907379810492
237,-0.224148759795341
238,-0.22337296897478
239,-0.222581009576085
240,-0.221772883826531
241,-0.220949593953395
242,-0.220110142183952
243,-0.219253530745478
244,-0.218381761865249
245,-0.21749383777054
246,-0.216588760688628
247,-0.215669532846787
248,-0.214732156472294
249,-0.213779633792424
250,-0.212810967034454
251,-0.211825158425658
252,-0.210823210193313
253,-0.209806124564695
254,-0.208771903767078
255,-0.20772155002774
256,-0.206655065573955
257,-0.205571452633
258,-0.204471713664131
259,-0.20335585205453
260,-0.20222387142336
261,-0.201074775389783
262,-0.199909567572963
263,-0.198728251592061
264,-0.197529831066242
265,-0.196315309614667
266,-0.195084690856499
267,-0.193836978410902
268,-0.192572175897038
269,-0.191292286934069
270,-0.189994315141159
271,-0.188680264137471
272,-0.187350137542166
273,-0.186002938974408
274,-0.18463867205336
275,-0.183258340398185
276,-0.181860947628044
277,-0.180446497362102
278,-0.17901699321952
279,-0.177568438819462
280,-0.176103837781091
281,-0.174622193723568
282,-0.173125510266057
283,-0.171610791027721
284,-0.170078039627723
285,-0.168530259685225
286,-0.166965454819389
287,-0.16538262864938
288,-0.163783784794359
289,-0.16216792687349
290,-0.160534058505934
291,-0.158884183310856
292,-0.157217304907417
293,-0.155532426914781
294,-0.15383255295211
295,-0.152113686675217
296,-0.150377832582867
297,-0.148625996016775
298,-0.146856182355306
299,-0.145069396976827
300,-0.143264645259703
301,-0.141444932582301
302,-0.139606264322985
303,-0.137750645860122
304,-0.135878082572077
305,-0.133988579837216
306,-0.132081143033905
307,-0.13015677754051
308,-0.128214488735395
309,-0.126255281996928
310,-0.124279162703474
311,-0.122285136233398
312,-0.120274207965067
313,-0.118246383276846
314,-0.1161996675471
315,-0.114136066154196
316,-0.1120555844765
317,-0.109957227892376
318,-0.107841001780191
319,-0.105706911518311
320,-0.103556962485101
321,-0.101388160058927
322,-0.0992015096181553
323,-0.0969990165411509
324,-0.0947766862062798
325,-0.0925375239919077
326,-0.0902815352764005
327,-0.0880077254381238
328,-0.0857150998554434
329,-0.0834066639067251
330,-0.0810784229703346
331,-0.0787333824246376
332,-0.076370547648
333,-0.0739899241223204
334,-0.0715915177436293
335,-0.0691753345114904
336,-0.0667413804254669
337,-0.0642886614851225
338,-0.0618181836900207
339,-0.0593309530397249
340,-0.0568249755337987
341,-0.0543012571718055
342,-0.0517608039533088
343,-0.0492006218778722
344,-0.0466227169450591
345,-0.0440270952623973
346,-0.0414137654205923
347,-0.0387817384935271
348,-0.0361320256630492
349,-0.0334636381110061
350,-0.0307775870192451
351,-0.0280738835696137
352,-0.0253515389439591
353,-0.0226105643241289
354,-0.0198529708919705
355,-0.0170757698293313
356,-0.0142799723180587
357,-0.01146758954
358,-0.00863562796706544
359,-0.0057850752314157
360,-0.00291691425527425
361,-3.11279608645209e-05
