xSum_mm	ySum_mm
1	-0.00248069918004322
2	-0.00496755032381541
3	-0.00744175936820667
4	-0.00990420872976887
5	-0.0123520808250539
6	-0.0147850580706137
7	-0.017203922883
8	-0.0196117625201432
9	-0.0220066836054868
10	-0.0243889976038531
11	-0.0267570159800639
12	-0.0291124501989415
13	-0.0314525117253078
14	-0.0337771120239849
15	-0.0360890625597948
16	-0.0383884747975597
17	-0.0406754602021015
18	-0.0429496302382423
19	-0.0452110963708042
20	-0.0474589699533923
21	-0.0496939597816191
22	-0.0519154720931054
23	-0.0541230130142544
24	-0.0563168886714699
25	-0.0584988051911552
26	-0.0606692686997138
27	-0.0628260853235492
28	-0.0649726611890649
29	-0.0671068024226643
30	-0.069227415150751
31	-0.0713348054997284
32	-0.073430279596
33	-0.0755133434331051
34	-0.0775836024731263
35	-0.0796405620452819
36	-0.0816844274787903
37	-0.0837165041028698
38	-0.085736497246739
39	-0.0877425122396159
40	-0.0897376544107192
41	-0.0917196290892671
42	-0.093688541604478
43	-0.0956454972855703
44	-0.0975892014617623
45	-0.0995217594622724
46	-0.101441776616319
47	-0.103349558253121
48	-0.105245709701895
49	-0.107129336291861
50	-0.108999943352238
51	-0.110856536212242
52	-0.112700120201093
53	-0.11453010064801
54	-0.116348482882209
55	-0.118152772232911
56	-0.119944374029333
57	-0.121723393600693
58	-0.12349103627621
59	-0.125246607385102
60	-0.126989812256588
61	-0.128720656219886
62	-0.130439344604215
63	-0.132145182738792
64	-0.133838675952836
65	-0.135518429575566
66	-0.137185648936199
67	-0.138840439363955
68	-0.140483406188052
69	-0.142114584737707
70	-0.143732720307144
71	-0.145338307385692
72	-0.146929399657785
73	-0.148507230772861
74	-0.150071354380359
75	-0.151622724129719
76	-0.153162683670379
77	-0.154690496651778
78	-0.156205436723355
79	-0.157707677534548
80	-0.159196102734797
81	-0.16067170597354
82	-0.162134240900217
83	-0.163583801164265
84	-0.165020250415124
85	-0.166443732302233
86	-0.16785447047503
87	-0.169251578582955
88	-0.170634780275445
89	-0.172004569201941
90	-0.173361609011881
91	-0.174706193354703
92	-0.176037245879847
93	-0.177355450236752
94	-0.178659620074855
95	-0.179952219043597
96	-0.181232230792415
97	-0.182499598970749
98	-0.183754217228038
99	-0.18499473921372
100	-0.186222968577234
101	-0.18743783896802
102	-0.188640414035515
103	-0.189829817429159
104	-0.191005172798391
105	-0.192165483792649
106	-0.193311764061372
107	-0.194445347254
108	-0.195566046780947
109	-0.196673925096539
110	-0.197768334416075
111	-0.198848686954857
112	-0.199915954928186
113	-0.200969560551362
114	-0.202009146039688
115	-0.203035833608462
116	-0.204049415472988
117	-0.205050613848564
118	-0.206037320950494
119	-0.207011168994076
120	-0.207972440194614
121	-0.208919326767406
122	-0.209852470927755
123	-0.210772054890961
124	-0.211677670872325
125	-0.212568251087148
126	-0.213444447750731
127	-0.214306393078375
128	-0.215155869285382
129	-0.215991178587051
130	-0.216815113198684
131	-0.217625135335582
132	-0.218422457213046
133	-0.219205191046376
134	-0.219974959050874
135	-0.220730143441841
136	-0.221472236434577
137	-0.222201080244384
138	-0.222915677086563
139	-0.223616879176414
140	-0.224303758729238
141	-0.224975277960337
142	-0.225632299085011
143	-0.226275344318561
144	-0.226903805876288
145	-0.227518545942595
146	-0.228119715991196
147	-0.228706226785124
148	-0.229276999056511
149	-0.229834443537488
150	-0.230378520960188
151	-0.230909717056743
152	-0.231426762559284
153	-0.231930194199944
154	-0.232419119710855
155	-0.232893867824148
156	-0.233355287271955
157	-0.23380281378641
158	-0.234235092099642
159	-0.234652777943786
160	-0.235056662050972
161	-0.235444941153332
162	-0.235819644983
163	-0.236178656272105
164	-0.236522854752782
165	-0.236852302157161
166	-0.237167669217374
167	-0.237468718665554
168	-0.237754779233833
169	-0.238025956654342
170	-0.238282625659214
171	-0.23852487398058
172	-0.238752331350573
173	-0.238965340501324
174	-0.239165110164966
175	-0.23935177407363
176	-0.239523694659449
177	-0.239679396854555
178	-0.239823113591079
179	-0.239951284201153
180	-0.24006414771691
181	-0.240164133870482
182	-0.240248829394
183	-0.240318249676155
184	-0.240372930711873
185	-0.240412618352638
186	-0.240436239050934
187	-0.240444984155245
188	-0.240439448988056
189	-0.24041899207585
190	-0.240383955404112
191	-0.240334934286326
192	-0.240270259103976
193	-0.240189675738547
194	-0.240095388961522
195	-0.239985743844386
196	-0.239859920258622
197	-0.239720584575716
198	-0.239566514467151
199	-0.239398900904412
200	-0.239215926158982
201	-0.239016172402347
202	-0.238801933905989
203	-0.238572779941393
204	-0.238328736780044
205	-0.238068776693425
206	-0.237793510953022
207	-0.237502951830317
208	-0.237196712596795
209	-0.236873853523941
210	-0.236536756883238
211	-0.23618534894617
212	-0.235820297984223
213	-0.23544170926888
214	-0.235046601071625
215	-0.234635464663943
216	-0.234208953317317
217	-0.233766816303232
218	-0.233310077893172
219	-0.232837278358621
220	-0.232348342939839
221	-0.231845787158931
222	-0.231328208819844
223	-0.230796828695304
224	-0.230250513558034
225	-0.229688480180759
226	-0.229110804336202
227	-0.228516453797089
228	-0.227904546336143
229	-0.227276059726088
230	-0.226631451739649
231	-0.225971390149551
232	-0.225296912728517
233	-0.224608427249271
234	-0.223906181484538
235	-0.223190953207042
236	-0.222457860189508
237	-0.221707380204659
238	-0.22093958102522
239	-0.220154310423915
240	-0.219352246173469
241	-0.218535576046605
242	-0.217704147816048
243	-0.216858039254522
244	-0.215997938134751
245	-0.21512120222946
246	-0.214226089311372
247	-0.213313017153213
248	-0.212382993527706
249	-0.211438676207576
250	-0.210479482965546
251	-0.209506931574342
252	-0.208517299806687
253	-0.207512075435305
254	-0.206491476232922
255	-0.20545523997226
256	-0.204402084426045
257	-0.203331837367
258	-0.202244586335869
259	-0.20114174794547
260	-0.20002429857664
261	-0.198892014610217
262	-0.197745012427037
263	-0.196581718407939
264	-0.195400528933758
265	-0.194202860385333
266	-0.192988759143501
267	-0.191758911589098
268	-0.190514034102962
269	-0.189254083065931
270	-0.187977804858841
271	-0.186683025862529
272	-0.185370902457834
273	-0.184042601025592
274	-0.18269825794664
275	-0.181336949601815
276	-0.179960802371956
277	-0.178567702637898
278	-0.17715965678048
279	-0.175737061180538
280	-0.174297782218909
281	-0.172838496276432
282	-0.171361009733943
283	-0.169867488972279
284	-0.168360100372277
285	-0.166838920314775
286	-0.165303465180611
287	-0.16375129135062
288	-0.162179355205641
289	-0.16059008312651
290	-0.158984541494066
291	-0.157364866689144
292	-0.155729215092583
293	-0.154076493085219
294	-0.15240502704789
295	-0.150713873324783
296	-0.149006617417133
297	-0.147285053983225
298	-0.145548977644694
299	-0.143795213023173
300	-0.142021744740297
301	-0.140228867417699
302	-0.138419035677015
303	-0.136594654139878
304	-0.134754917427923
305	-0.132897020162784
306	-0.131022556966095
307	-0.129129222459491
308	-0.127218711264605
309	-0.125293618003072
310	-0.123353837296526
311	-0.121398563766602
312	-0.119424592034933
313	-0.117433316723154
314	-0.1154231324529
315	-0.113396333845804
316	-0.1113532155235
317	-0.109293672107624
318	-0.107217198219809
319	-0.105121488481689
320	-0.103006937514899
321	-0.100875939941073
322	-0.0987268903818447
323	-0.0965596834588491
324	-0.0943735137937202
325	-0.0921697760080923
326	-0.0899485647235996
327	-0.0877099745618762
328	-0.0854523001445566
329	-0.0831762360932749
330	-0.0808804770296655
331	-0.0785663175753624
332	-0.076234752352
333	-0.0738843758776796
334	-0.0715154822563707
335	-0.0691315654885096
336	-0.0667300195745331
337	-0.0643075385148775
338	-0.0618670163099793
339	-0.0594055469602751
340	-0.0569254244662014
341	-0.0544261428281945
342	-0.0519063960466912
343	-0.0493659781221278
344	-0.0468046830549409
345	-0.0442219047376027
346	-0.0416198345794077
347	-0.0389959615064729
348	-0.0363510743369507
349	-0.0336844618889939
350	-0.0309970129807549
351	-0.0282890164303864
352	-0.0255598610560409
353	-0.022808535675871
354	-0.0200348291080295
355	-0.0172383301706687
356	-0.0144183276819413
357	-0.01157471046
358	-0.00870817203293458
359	-0.0058186247685843
360	-0.00290488574472575
361	3.11279608645209e-05
