!---------------------------------------------------------------------------------
!SCANNED AXIS: Motor5
!KIND OF MOVEMENT: Absolute
!START POSITION: 48.0155 mm
!STOP POSITION: 348.0200 mm
!NUMBER OF STEPS: 300
!STEP VALUE: 1.0 mm
!SCAN TIME: 0.1 s
!---------------------------------------------------------------------------------

48.0155 -0.0017943963596485134    -840.9    -296.4
49.0070 -0.0017828551678605717    -834.2    -295.8
50.0075 -0.0017699362365226788    -826.6    -294.9
51.0115 -0.0017572516117717067    -819.2    -293.7
52.0070 -0.0017442192466790064    -811.6    -292.0
53.0170 -0.001732968789042366    -805.0    -290.3
54.0020 -0.001721569848883981    -798.3    -289.2
55.0145 -0.0017094929884881756    -791.3    -287.0
56.0120 -0.0016977784815809256    -784.4    -285.8
56.9970 -0.0016842080365988116    -776.5    -284.1
58.0135 -0.0016722555741337144    -769.5    -282.0
59.0185 -0.0016591393336993169    -761.8    -281.8
60.0020 -0.001647238083669244    -754.9    -282.7
61.0300 -0.0016351932952187965    -747.8    -280.9
62.0205 -0.0016226991371701498    -740.5    -280.3
63.0010 -0.0016112967027642681    -733.9    -280.0
64.0130 -0.0015998502316195988    -727.2    -278.2
65.0180 -0.001586790931447795    -719.5    -277.4
66.0000 -0.0015743983657233076    -712.3    -277.0
67.0020 -0.0015633951144709151    -705.9    -274.2
68.0165 -0.0015503569886876178    -698.2    -273.7
69.0020 -0.0015405224321981476    -692.5    -272.1
70.0165 -0.0015268853016906726    -684.5    -269.5
71.0300 -0.0015153264071346567    -677.8    -267.3
72.0190 -0.0015034033638558302    -670.8    -266.2
73.0000 -0.0014919775336326509    -664.1    -265.5
74.0270 -0.0014791176783015333    -656.6    -262.5
75.0115 -0.001467710905919181    -649.9    -262.7
76.0060 -0.0014562650065106217    -643.2    -260.7
77.0120 -0.0014434130672891364    -635.7    -258.2
77.9955 -0.0014331816120007588    -629.7    -257.4
79.0015 -0.0014206820700528374    -622.4    -254.8
80.0135 -0.0014080004669737927    -615.0    -254.4
81.0090 -0.0013968780802810791    -608.5    -252.5
81.9960 -0.0013847398666788889    -601.4    -251.5
83.0025 -0.0013725608402376309    -594.3    -248.7
84.0195 -0.0013615474079756824    -587.9    -246.4
85.0020 -0.0013501272483152878    -581.2    -246.7
86.0255 -0.001337866285156628    -574.0    -243.7
87.0150 -0.0013262539239130356    -567.2    -243.9
88.0035 -0.0013142132240775847    -560.2    -243.0
89.0265 -0.0013023596230920054    -553.3    -241.7
90.0185 -0.0012912204570180257    -546.7    -240.2
91.0015 -0.0012800692717730804    -540.2    -239.5
92.0235 -0.001267616152669493    -532.9    -238.5
93.0160 -0.0012560900954101842    -526.2    -237.0
94.0030 -0.0012440518786967364    -519.2    -236.8
95.0190 -0.0012323248055757933    -512.3    -234.2
96.0065 -0.0012215740658153395    -506.0    -232.9
97.0030 -0.0012092734669238404    -498.8    -231.5
98.0100 -0.001197584338727026    -492.0    -229.9
99.0220 -0.001184959692590293    -484.6    -228.1
100.0050 -0.0011745185281609996    -478.5    -227.3
101.0160 -0.0011628863124118656    -471.7    -225.1
101.9970 -0.001151306550572    -465.0    -223.7
103.0280 -0.0011393611342822435    -458.0    -221.3
104.0115 -0.0011278815155859958    -451.3    -219.6
104.9960 -0.0011161539786287075    -444.4    -219.0
106.0265 -0.0011045184246367525    -437.6    -216.6
107.0140 -0.0010931842045188312    -431.0    -214.5
108.0000 -0.001081768579869336    -424.3    -214.8
109.0315 -0.0010696977841059463    -417.2    -212.0
110.0210 -0.0010596606933727622    -411.4    -210.7
111.0135 -0.0010469044617854699    -403.9    -210.4
112.0010 -0.0010351023927789818    -397.0    -210.5
113.0300 -0.001024247170832868    -390.7    -208.6
114.0195 -0.0010131277434724695    -384.2    -208.0
115.0070 -0.0010015245199716165    -377.4    -206.6
116.0050 -9.896864769708149E-4    -370.5    -207.2
117.0190 -9.784587369130928E-4    -363.9    -204.6
118.0275 -9.669665614960537E-4    -357.2    -203.6
119.0165 -9.558855229629474E-4    -350.7    -202.0
120.0065 -9.445653940467881E-4    -344.1    -201.8
120.9985 -9.334481759573035E-4    -337.6    -200.7
122.0350 -9.21298323777974E-4    -330.5    -199.0
123.0220 -9.096841445071553E-4    -323.7    -197.4
124.0060 -8.980185031389782E-4    -316.9    -196.6
125.0045 -8.868252087961158E-4    -310.3    -195.2
126.0190 -8.757872084600888E-4    -303.9    -192.7
127.0255 -8.637043784098747E-4    -296.8    -191.1
128.0175 -8.529610234082409E-4    -290.5    -189.1
129.0010 -8.415807063428959E-4    -283.9    -188.5
130.0205 -8.303118763319056E-4    -277.3    -185.3
131.0325 -8.18919652110599E-4    -270.6    -183.7
132.0245 -8.065672242027319E-4    -263.4    -182.1
133.0145 -7.960244806279397E-4    -257.3    -181.3
134.0070 -7.84922617266689E-4    -250.8    -180.1
135.0135 -7.73527790582198E-4    -244.1    -178.7
135.9970 -7.624973168565459E-4    -237.7    -178.2
137.0315 -7.505517587575384E-4    -230.7    -176.8
138.0245 -7.388709094515477E-4    -223.8    -176.1
139.0145 -7.284709753587544E-4    -217.8    -176.0
140.0025 -7.175170297676304E-4    -211.4    -174.7
141.0250 -7.07506564149079E-4    -205.5    -173.7
142.0180 -6.946440838405975E-4    -198.0    -173.1
143.0090 -6.829806311584801E-4    -191.2    -172.2
143.9985 -6.724719945098949E-4    -185.0    -172.4
145.0265 -6.610088857239716E-4    -178.3    -169.7
146.0115 -6.50019133455341E-4    -171.9    -168.3
147.0005 -6.387509744311421E-4    -165.3    -165.8
148.0165 -6.271506474172856E-4    -158.5    -163.7
149.0210 -6.158081605067648E-4    -151.9    -160.6
150.0080 -6.053657585646658E-4    -145.8    -159.8
151.0065 -5.936633622058192E-4    -139.0    -158.6
152.0075 -5.828346727060038E-4    -132.6    -156.5
153.0050 -5.713410419369182E-4    -125.9    -155.8
154.0125 -5.600848627946161E-4    -119.3    -152.1
155.0235 -5.496601876869423E-4    -113.2    -150.7
156.0195 -5.381094497814347E-4    -106.5    -149.9
157.0110 -5.264014640785109E-4     -99.6    -147.7
157.9950 -5.153938352275763E-4     -93.2    -146.2
159.0295 -5.045244263252184E-4     -86.8    -144.6
160.0185 -4.924179796694406E-4     -79.8    -144.0
161.0045 -4.8220621014834664E-4     -73.8    -144.3
162.0220 -4.7138094416906165E-4     -67.5    -142.8
163.0080 -4.5956800207880836E-4     -60.6    -141.7
164.0065 -4.490238924723126E-4     -54.4    -141.2
165.0100 -4.3723862189208823E-4     -47.5    -140.4
166.0070 -4.269197215477199E-4     -41.5    -139.9
167.0040 -4.1516382702820305E-4     -34.6    -139.5
168.0255 -4.045434175199417E-4     -28.4    -137.5
169.0200 -3.9317576250431517E-4     -21.8    -136.8
170.0065 -3.8268503939878606E-4     -15.6    -136.0
170.9970 -3.729519557858147E-4      -9.9    -134.6
172.0255 -3.6101336073449456E-4      -2.9    -132.2
173.0130 -3.509306185774618E-4       2.9    -130.7
173.9995 -3.398213398810244E-4       9.4    -130.5
175.0270 -3.275999319078575E-4      16.6    -126.9
176.0170 -3.168720296467709E-4      22.9    -126.2
177.0045 -3.059901530372211E-4      29.2    -125.8
178.0245 -2.949854576697353E-4      35.7    -123.5
179.0140 -2.8405492047656E-4      42.0    -121.8
179.9985 -2.713405268976384E-4      49.5    -120.8
181.0355 -2.6186692487996556E-4      55.0    -118.5
182.0250 -2.517052659776493E-4      61.0    -117.3
183.0165 -2.4043134697425344E-4      67.5    -115.9
183.9970 -2.3080130061379123E-4      73.2    -115.9
185.0280 -2.1828631831937633E-4      80.5    -112.9
186.0150 -2.0774757394598754E-4      86.7    -112.2
186.9960 -1.965804198472145E-4      93.2    -110.5
188.0320 -1.8561210646133065E-4      99.6    -109.3
189.0220 -1.744497101942212E-4     106.1    -108.4
190.0100 -1.6382635715328478E-4     112.3    -108.5
191.0050 -1.5414699161666568E-4     118.0    -107.9
192.0325 -1.4230201264152533E-4     124.9    -106.0
193.0260 -1.311267635815074E-4     131.4    -106.0
194.0140 -1.1983293539122102E-4     138.0    -104.9
194.9970 -1.1069362544270969E-4     143.4    -104.9
196.0280 -9.956524287163658E-5     149.9    -103.1
197.0160 -8.898508383940985E-5     156.1    -100.0
197.9990 -7.728966409691216E-5     162.9     -99.9
199.0310 -6.5952628099278E-5     169.5     -97.9
200.0210 -5.6061340478058634E-5     175.3     -96.8
201.0105 -4.441044101183537E-5     182.1     -95.8
202.0060 -3.371454621043128E-5     188.4     -95.0
203.0015 -2.4435955924055955E-5     193.8     -94.3
204.0125 -1.3011937474579986E-5     200.5     -91.3
205.0065 -1.95175068461499E-6     207.0     -89.2
205.9965 7.350037921873261E-6     212.4     -88.6
207.0265 1.847722944968652E-5     218.9     -84.4
208.0115 2.9260965046266963E-5     225.2     -83.1
209.0005 3.984821479879162E-5     231.4     -82.6
210.0205 5.054666447588036E-5     237.6     -79.1
211.0045 6.116234647622508E-5     243.9     -78.5
212.0125 7.216846192399041E-5     250.3     -76.5
213.0005 8.171469775577002E-5     255.9     -75.5
214.0265 9.293037218969021E-5     262.4     -72.2
215.0170 1.0372193961225254E-4     268.7     -72.6
216.0105 1.143289510980291E-4     274.9     -72.6
217.0015 1.252503362521109E-4     281.3     -72.7
218.0110 1.357899627676384E-4     287.5     -70.4
219.0005 1.4711828536810218E-4     294.1     -68.3
220.0245 1.5651889807123437E-4     299.6     -68.0
221.0170 1.6649563748162116E-4     305.4     -67.8
222.0065 1.7725891724383136E-4     311.7     -67.8
223.0000 1.8864420211598505E-4     318.4     -67.1
224.0195 2.0047762382183594E-4     325.3     -64.9
225.0035 2.103859471319611E-4     331.1     -64.6
226.0215 2.2009807896981496E-4     336.8     -61.5
227.0105 2.3017552242712372E-4     342.7     -60.5
228.0015 2.4017547193907847E-4     348.5     -59.7
229.0240 2.5181117045363645E-4     355.3     -56.5
230.0115 2.61647608463692E-4     361.1     -56.3
230.9970 2.714282696065231E-4     366.8     -55.6
232.0250 2.837542995978415E-4     374.0     -52.7
233.0125 2.946410723708138E-4     380.3     -51.7
234.0020 3.041109616880747E-4     385.9     -50.9
235.0220 3.150875829504905E-4     392.3     -48.1
236.0125 3.2455374293455854E-4     397.8     -47.0
237.0030 3.3608833968158593E-4     404.6     -46.4
238.0320 3.465390666040109E-4     410.7     -43.7
239.0210 3.574990390197037E-4     417.1     -42.4
240.0105 3.668787289557857E-4     422.6     -41.2
240.9965 3.765112784337758E-4     428.2     -39.4
242.0320 3.879784342916471E-4     434.9     -37.9
243.0220 3.9766467625928164E-4     440.6     -37.4
244.0100 4.080462503537252E-4     446.6     -37.4
244.9960 4.1844960079499615E-4     452.7     -37.5
246.0315 4.2951185338239973E-4     459.2     -35.7
247.0260 4.3912166519727275E-4     464.8     -35.1
248.0115 4.494374999139603E-4     470.8     -34.6
249.0070 4.591193499236201E-4     476.5     -33.9
250.0050 4.695081286270359E-4     482.6     -33.0
251.0260 4.806632665692475E-4     489.1     -30.2
252.0140 4.929467728547748E-4     496.3     -30.1
252.9960 5.017893594365265E-4     501.4     -28.8
254.0295 5.12470737744251E-4     507.7     -25.7
255.0220 5.220905891386616E-4     513.3     -25.6
256.0075 5.321402091522838E-4     519.2     -24.1
256.9955 5.427310017950945E-4     525.4     -23.2
258.0315 5.530536555578432E-4     531.4     -19.7
259.0180 5.625802343521025E-4     537.0     -19.3
260.0060 5.729840171917346E-4     543.1     -18.9
261.0000 5.826846569893952E-4     548.7     -17.5
262.0290 5.939887809052417E-4     555.3     -15.0
263.0175 6.035703960334951E-4     560.9     -14.9
264.0155 6.147548528089305E-4     567.5     -12.5
265.0100 6.259944219051816E-4     574.1     -10.8
266.0005 6.350917363602428E-4     579.4     -10.5
267.0260 6.448680207095251E-4     585.1      -5.9
268.0135 6.553109423825837E-4     591.2      -5.2
269.0005 6.650717118360833E-4     596.9      -3.8
270.0255 6.75582058399022E-4     603.0      -2.4
271.0215 6.856983600046825E-4     609.0      -1.4
272.0100 6.95194524083138E-4     614.5      -0.9
273.0065 7.05874191474372E-4     620.8      -0.2
273.9970 7.165835272287943E-4     627.0       0.2
275.0225 7.269104615670641E-4     633.1       1.7
276.0160 7.369499266515944E-4     638.9       2.4
277.0015 7.478822070349619E-4     645.3       2.4
278.0135 7.567729645174467E-4     650.5       4.1
279.0020 7.67220782533733E-4     656.6       5.2
280.0215 7.772979849183092E-4     662.5       7.8
281.0190 7.871908408590637E-4     668.3       8.9
282.0025 7.974919926848717E-4     674.3       9.1
283.0205 8.069749020246804E-4     679.9      12.2
284.0025 8.175011324828723E-4     686.0      12.6
285.0115 8.283657329853456E-4     692.4      15.0
285.9970 8.375355612240799E-4     697.7      15.5
287.0240 8.476004773343104E-4     703.6      18.4
288.0175 8.573063775877517E-4     709.3      19.6
289.0060 8.683121971507706E-4     715.7      20.7
290.0030 8.784488389849224E-4     721.6      21.5
291.0255 8.893664854413157E-4     728.0      23.6
292.0175 8.984153239043207E-4     733.3      24.2
293.0060 9.085451014847161E-4     739.2      26.4
293.9990 9.185837178767196E-4     745.1      28.1
295.0225 9.275357219226856E-4     750.3      28.3
296.0170 9.376710500388873E-4     756.3      28.6
297.0020 9.483039161865113E-4     762.5      29.1
298.0265 9.588699042795783E-4     768.7      32.4
299.0170 9.68567581535764E-4     774.3      30.8
300.0050 9.786431384382877E-4     780.2      32.0
301.0210 9.876459614976498E-4     785.5      33.5
302.0075 9.971839446018473E-4     791.1      34.3
303.0070 0.0010080942783741373     797.4      34.2
304.0010 0.0010183156264205807     803.4      35.5
305.0205 0.0010288189924784377     809.5      37.6
306.0090 0.0010375446920461912     814.6      37.6
307.0095 0.0010485103353201038     821.1      38.8
307.9995 0.0010564519109127282     825.7      40.7
309.0220 0.0010688302126034097     832.9      43.3
310.0080 0.0010762926789974025     837.3      45.7
311.0060 0.0010860367683376581     843.0      46.6
311.9970 0.001095422925713074     848.5      47.5
313.0160 0.001107033257194876     855.3      49.0
314.0025 0.0011176517190119397     861.5      50.5
315.0125 0.0011274469253862494     867.2      53.1
316.0000 0.0011368830573655257     872.7      53.1
317.0180 0.0011469740861132368     878.6      56.0
318.0055 0.0011555223340551498     883.6      56.3
318.9980 0.0011653003850727378     889.3      57.6
320.0235 0.0011760434762265613     895.6      59.4
321.0130 0.0011851637288288579     900.9      59.5
321.9985 0.0011945521294488507     906.4      59.7
323.0295 0.0012056792891294613     912.9      60.9
324.0200 0.0012148971468915791     918.3      61.3
325.0175 0.0012248322774465119     924.1      61.2
326.0095 0.0012338115962686426     929.4      63.3
327.0000 0.0012432717643820785     934.9      63.4
328.0140 0.0012544804750037415     941.5      65.8
329.0000 0.0012636359050214709     946.8      66.3
330.0195 0.0012730397659620474     952.3      68.5
331.0080 0.0012829011302418268     958.1      70.8
331.9955 0.0012921198566327     963.5      71.0
333.0160 0.0013021372470450139     969.3      74.0
334.0020 0.001311055531338044     974.5      74.8
335.0070 0.001321075043923415     980.4      77.1
336.0015 0.00133095713282653     986.2      77.5
337.0170 0.0013415339035319088     992.4      80.1
338.0055 0.0013500827126411885     997.4      80.7
338.9960 0.0013593864074464012    1002.8      82.6
340.0075 0.0013691305218458    1008.5      84.4
340.9950 0.0013791985523960936    1014.4      86.0
342.0185 0.0013876288199135283    1019.3      87.3
343.0120 0.0013982809325556427    1025.5      88.2
344.0010 0.0014079843001244547    1031.2      89.9
345.0160 0.0014175189806173117    1036.8      92.1
346.0095 0.0014266569961732952    1042.1      92.8
347.0015 0.0014360682475318175    1047.6      93.8
348.0200 0.0014460320879276759    1053.5      95.1
