!---------------------------------------------------------------------------------
!SCANNED AXIS: Motor5
!KIND OF MOVEMENT: Absolute
!START POSITION: 48.0175 mm
!STOP POSITION: 348.0275 mm
!NUMBER OF STEPS: 300
!STEP VALUE: 1.0 mm
!SCAN TIME: 0.1 s
!---------------------------------------------------------------------------------

48.0175 -0.001770373870793044    -826.9    -301.0
49.0065 -0.001758300876876601    -819.8    -296.7
50.0055 -0.0017454346839709258    -812.3    -294.9
50.9995 -0.001733645184986597    -805.4    -293.8
52.0175 -0.0017220387047871732    -798.6    -292.3
53.0080 -0.0017095673218161646    -791.3    -291.5
54.0060 -0.0016978494485737647    -784.5    -291.2
55.0135 -0.001686329827063667    -777.7    -289.4
56.0070 -0.0016737380985676444    -770.4    -287.4
57.0120 -0.0016618377561093882    -763.4    -286.0
58.0005 -0.0016499517378790194    -756.5    -285.7
59.0180 -0.0016374830604681896    -749.2    -282.9
60.0135 -0.0016265647109707702    -742.8    -281.7
60.9975 -0.0016141350489781317    -735.5    -280.6
62.0015 -0.0016024120259022722    -728.7    -277.8
63.0200 -0.0015901169143461699    -721.5    -275.8
64.0035 -0.0015784138331615043    -714.6    -275.9
65.0180 -0.0015660166668916735    -707.4    -273.4
65.9990 -0.0015547494326858353    -700.8    -272.3
67.0180 -0.0015426788241171253    -693.8    -270.6
68.0005 -0.001531206839341923    -687.0    -270.2
69.0190 -0.001520116491308105    -680.6    -267.6
70.0205 -0.0015085785354919737    -673.8    -265.7
71.0030 -0.0014961377120221778    -666.5    -264.5
72.0230 -0.0014837839040296862    -659.3    -261.7
72.9995 -0.001472125904854006    -652.5    -261.3
74.0175 -0.0014600387168536534    -645.4    -259.1
75.0000 -0.001449524106242173    -639.3    -259.7
76.0290 -0.0014380559302030972    -632.6    -257.4
77.0125 -0.0014262006566527967    -625.7    -257.0
77.9950 -0.0014156735957664278    -619.5    -257.1
79.0300 -0.0014018343428091266    -611.4    -255.7
80.0235 -0.0013916460333424658    -605.5    -254.2
81.0090 -0.001380267268674384    -598.8    -253.4
82.0000 -0.0013687272020888566    -592.1    -252.5
83.0215 -0.0013571496519772122    -585.3    -249.2
84.0245 -0.0013454907615966457    -578.5    -248.2
85.0120 -0.001333889602248038    -571.7    -246.2
86.0010 -0.0013218499372913894    -564.7    -245.6
87.0145 -0.0013111083560587425    -558.4    -243.5
88.0160 -0.001299250832713131    -551.4    -242.7
89.0020 -0.001288877727367229    -545.4    -241.3
90.0270 -0.0012767302255794258    -538.3    -239.2
91.0105 -0.0012657102016553042    -531.8    -237.7
92.0060 -0.0012544685733311739    -525.3    -236.9
93.0140 -0.0012426528981138191    -518.4    -235.3
94.0000 -0.0012312610380768646    -511.7    -234.1
95.0385 -0.0012188864059093218    -504.5    -231.5
96.0310 -0.0012089880077439667    -498.7    -231.3
97.0210 -0.0011978206958105397    -492.1    -231.3
98.0020 -0.0011861034637207053    -485.3    -230.4
99.0320 -0.0011729062583593713    -477.6    -227.9
100.0215 -0.0011633051621604581    -472.0    -227.5
101.0065 -0.0011510714872096013    -464.8    -227.3
101.9970 -0.0011397256545912563    -458.2    -226.2
103.0280 -0.0011276623751959108    -451.1    -223.6
104.0285 -0.001118054358914617    -445.5    -222.5
105.0205 -0.0011057054228468593    -438.3    -220.7
106.0050 -0.0010936079428768347    -431.2    -220.0
107.0265 -0.001081620591153635    -424.2    -216.8
108.0115 -0.001070147453801718    -417.5    -216.7
109.0020 -0.0010601809292899566    -411.7    -215.5
110.0395 -0.0010491128939058485    -405.2    -212.9
111.0225 -0.0010376432728230389    -398.5    -212.0
112.0130 -0.001026755208173859    -392.1    -210.1
113.0055 -0.0010156813742521888    -385.7    -208.6
114.0035 -0.0010044933593322451    -379.1    -206.9
115.0315 -9.930073668249027E-4    -372.4    -204.4
116.0120 -9.830647458622741E-4    -366.6    -203.1
116.9985 -9.714470369074237E-4    -359.8    -203.2
118.0360 -9.603032380565577E-4    -353.3    -200.8
119.0165 -9.482003848984031E-4    -346.2    -199.9
120.0005 -9.366316761882846E-4    -339.5    -199.8
121.0140 -9.246661303690659E-4    -332.5    -198.2
121.9980 -9.151206030446665E-4    -326.9    -198.0
123.0375 -9.026295251085389E-4    -319.6    -195.5
124.0290 -8.920980702456336E-4    -313.4    -194.6
125.0165 -8.811354307073231E-4    -307.0    -193.0
126.0070 -8.699782569381742E-4    -300.5    -191.7
127.0015 -8.599355480363755E-4    -294.6    -190.6
128.0330 -8.474564922842273E-4    -287.3    -188.1
129.0265 -8.36019436548159E-4    -280.6    -186.2
130.0160 -8.254615220462452E-4    -274.5    -185.1
130.9965 -8.139692665424227E-4    -267.7    -184.5
132.0260 -8.032706830259316E-4    -261.5    -181.9
133.0165 -7.929540746976535E-4    -255.5    -179.9
133.9970 -7.81857473076134E-4    -249.0    -179.3
135.0290 -7.701370449952746E-4    -242.1    -177.3
136.0220 -7.59223228545361E-4    -235.7    -175.2
137.0135 -7.480464001694182E-4    -229.2    -174.8
138.0000 -7.362011220534291E-4    -222.3    -174.9
139.0325 -7.259508632782261E-4    -216.3    -173.1
140.0220 -7.144546645236836E-4    -209.6    -172.8
141.0090 -7.035916294588634E-4    -203.2    -171.9
142.0060 -6.92932821402121E-4    -197.0    -171.5
143.0015 -6.822034177814163E-4    -190.7    -170.5
144.0200 -6.711837369657552E-4    -184.3    -168.2
145.0065 -6.601417019509908E-4    -177.8    -167.8
146.0020 -6.50241558059975E-4    -172.0    -166.9
147.0380 -6.382499603334683E-4    -165.0    -164.0
148.0255 -6.273580504761194E-4    -158.7    -162.4
149.0135 -6.165725202745042E-4    -152.3    -161.0
150.0010 -6.050006159465943E-4    -145.6    -159.5
151.0380 -5.932023001984353E-4    -138.7    -157.3
152.0210 -5.827449760820163E-4    -132.6    -155.8
153.0010 -5.714760041370261E-4    -126.0    -155.2
154.0280 -5.607983651767465E-4    -119.7    -153.1
155.0130 -5.498766582352853E-4    -113.4    -151.5
156.0055 -5.389758081557489E-4    -107.0    -150.1
157.0220 -5.27980293012411E-4    -100.6    -148.4
158.0025 -5.168515135731478E-4     -94.1    -149.1
159.0180 -5.071514146351079E-4     -88.4    -147.3
160.0000 -4.962088501553781E-4     -82.0    -147.8
161.0335 -4.84107289841254E-4     -74.9    -145.7
162.0245 -4.7335336641060333E-4     -68.6    -145.3
163.0145 -4.622277376075194E-4     -62.1    -144.6
164.0015 -4.5252260332185955E-4     -56.4    -143.8
165.0375 -4.410313212319474E-4     -49.7    -141.6
166.0335 -4.302038087434636E-4     -43.4    -140.1
167.0300 -4.191939504928318E-4     -37.0    -138.4
168.0220 -4.077988209492285E-4     -30.3    -136.7
169.0070 -3.98072222793051E-4     -24.6    -136.6
170.0060 -3.874755494013318E-4     -18.4    -135.7
171.0145 -3.764117933774536E-4     -12.0    -133.8
171.9955 -3.6615596633023844E-4      -6.0    -132.7
173.0130 -3.5464892927169925E-4       0.8    -130.7
173.9990 -3.440527665077796E-4       7.0    -128.9
175.0135 -3.339407672704747E-4      12.9    -127.1
175.9970 -3.242417635305967E-4      18.5    -125.4
177.0265 -3.1247360304526543E-4      25.4    -122.9
178.0140 -3.0111986566554107E-4      32.1    -121.2
178.9950 -2.9130371223382153E-4      37.8    -120.6
180.0275 -2.7981492288020946E-4      44.5    -118.7
181.0125 -2.6982410124241104E-4      50.4    -118.4
181.9955 -2.5927340633934663E-4      56.5    -118.3
183.0320 -2.474723360621159E-4      63.4    -115.8
184.0255 -2.370100747181847E-4      69.5    -114.9
185.0190 -2.2650710979805948E-4      75.7    -115.0
186.0015 -2.1531858546463626E-4      82.2    -114.6
187.0115 -2.0490891867460352E-4      88.3    -112.7
187.9965 -1.9369982213686876E-4      94.9    -111.9
189.0305 -1.8211599155954004E-4     101.6    -109.0
190.0200 -1.731850810694734E-4     106.9    -107.1
191.0070 -1.6359591959212946E-4     112.5    -106.4
192.0100 -1.5230811871724172E-4     119.1    -105.2
193.0025 -1.4145650007283816E-4     125.4    -102.9
194.0310 -1.311049346252601E-4     131.5    -101.1
195.0150 -1.2162402717609644E-4     137.0     -99.3
195.9990 -1.1033534671535522E-4     143.6     -98.8
197.0175 -9.973843563553555E-5     149.8     -96.3
198.0000 -8.805471641681249E-5     156.6     -95.9
199.0210 -7.790894570889782E-5     162.6     -93.2
200.0030 -6.810980853794663E-5     168.3     -93.0
201.0085 -5.753670297436258E-5     174.5     -91.0
202.0055 -4.6586147672723094E-5     180.9     -90.5
203.0070 -3.554778450828488E-5     187.3     -89.8
204.0035 -2.600690897748677E-5     192.9     -89.1
205.0320 -1.4868869786478051E-5     199.4     -86.8
206.0215 -3.7005519947911973E-6     205.9     -86.8
207.0095 6.224190848826027E-6     211.7     -86.9
208.0040 1.6555988061364643E-5     217.8     -86.6
209.0360 2.7734949300062243E-5     224.3     -84.1
210.0235 3.731638716626631E-5     229.9     -82.1
211.0120 4.723219057174889E-5     235.7     -81.0
211.9990 5.808898979529453E-5     242.1     -80.8
213.0320 6.977329348117737E-5     248.9     -77.0
214.0280 7.96656507602817E-5     254.7     -76.6
215.0150 8.990521522530455E-5     260.7     -75.5
215.9970 1.0051076919133512E-4     266.9     -74.7
217.0225 1.0968358733249408E-4     272.2     -72.1
218.0060 1.1991971778658659E-4     278.2     -70.8
219.0065 1.3154968129523915E-4     285.0     -69.4
220.0075 1.4162245563100942E-4     290.9     -67.3
221.0030 1.5146425164955043E-4     296.6     -66.2
222.0460 1.6238752956338395E-4     303.0     -63.5
223.0315 1.7292295459695375E-4     309.2     -63.6
224.0230 1.838085975306303E-4     315.6     -62.9
225.0070 1.930716283206892E-4     321.0     -63.7
226.0065 2.0289765749093857E-4     326.7     -62.7
227.0100 2.131502853211032E-4     332.7     -61.6
228.0060 2.2369268022378322E-4     338.9     -60.7
229.0370 2.3487506956897997E-4     345.4     -58.4
230.0255 2.4377610522513375E-4     350.6     -56.8
231.0080 2.5489079028061387E-4     357.1     -56.1
232.0015 2.6488715463472885E-4     363.0     -55.5
233.0240 2.7559494011657285E-4     369.2     -53.9
234.0130 2.858368207044472E-4     375.2     -52.5
235.0025 2.958072672061956E-4     381.0     -51.3
236.0080 3.059228318478857E-4     386.9     -48.9
237.0025 3.157269261728506E-4     392.7     -47.0
238.0315 3.263508498102115E-4     398.9     -44.5
239.0145 3.3658789606585797E-4     404.9     -42.1
240.0005 3.463133245857627E-4     410.6     -41.3
241.0210 3.57306793244606E-4     417.0     -38.5
242.0100 3.677960439083341E-4     423.1     -36.1
242.9995 3.7652282556780494E-4     428.2     -36.8
244.0285 3.880433111268699E-4     435.0     -35.5
245.0205 3.9744372579897895E-4     440.4     -34.7
246.0100 4.074232627619116E-4     446.3     -34.3
247.0085 4.1740087649156667E-4     452.1     -33.5
248.0035 4.279725459833703E-4     458.3     -33.3
249.0215 4.3865648930572647E-4     464.5     -31.1
250.0140 4.482321106193575E-4     470.1     -29.9
251.0020 4.586277330267662E-4     476.2     -30.1
252.0300 4.6850830724920695E-4     482.0     -27.3
253.0200 4.7895909573209146E-4     488.1     -26.1
254.0035 4.889495585578716E-4     493.9     -25.2
255.0115 4.993089072848013E-4     500.0     -23.0
255.9955 5.08697885490848E-4     505.5     -21.8
257.0270 5.178560653682646E-4     510.8     -18.7
258.0115 5.286070626869479E-4     517.1     -18.2
258.9955 5.389781293404919E-4     523.2     -16.9
260.0250 5.494449570334927E-4     529.3     -14.9
261.0075 5.582823939128894E-4     534.5     -13.8
262.0030 5.685026816318533E-4     540.4     -13.4
263.0265 5.77918497755705E-4     546.0     -10.2
264.0125 5.895311447073815E-4     552.7      -9.2
264.9985 5.989449312640763E-4     558.2      -8.5
266.0230 6.087219153270686E-4     564.0      -7.3
267.0070 6.184125655916701E-4     569.6      -7.2
268.0015 6.284753177408201E-4     575.5      -6.6
269.0335 6.378894529778113E-4     581.0      -4.9
270.0225 6.476421987902459E-4     586.7      -4.6
271.0065 6.579312851181487E-4     592.7      -3.9
271.9965 6.680348261325178E-4     598.6      -3.6
273.0340 6.788542802931509E-4     605.0      -0.6
274.0240 6.88284426972403E-4     610.5       0.5
275.0095 6.983799183813322E-4     616.4       1.2
276.0105 7.074501856059778E-4     621.7       2.6
277.0020 7.173295472155185E-4     627.5       3.1
278.0270 7.287473063601521E-4     634.1       6.1
279.0120 7.386020469253075E-4     639.9       7.9
280.0015 7.472282359140092E-4     644.9       8.0
281.0180 7.574323566170637E-4     650.9      11.6
282.0205 7.665080312484046E-4     656.2      12.9
283.0070 7.767807292890882E-4     662.2      13.9
284.0015 7.867356669685343E-4     668.0      14.9
285.0320 7.97506782641414E-4     674.3      17.5
286.0195 8.072087002100125E-4     680.0      18.8
286.9975 8.167036901516475E-4     685.5      17.8
288.0250 8.26858190601095E-4     691.5      18.9
289.0130 8.355378660989689E-4     696.6      19.6
290.0015 8.457885463000407E-4     702.5      19.4
291.0065 8.560482132351583E-4     708.5      21.2
292.0205 8.675543187280076E-4     715.3      21.3
293.0080 8.758804728999452E-4     720.1      21.4
293.9955 8.850685611315618E-4     725.5      21.9
295.0105 8.950745936937368E-4     731.4      24.3
296.0055 9.050302388313616E-4     737.2      25.4
297.0010 9.146309773930448E-4     742.8      26.5
298.0260 9.253624023641115E-4     749.1      29.7
299.0095 9.344479649972511E-4     754.4      31.3
299.9995 9.433090774424012E-4     759.6      33.3
301.0265 9.532053967695517E-4     765.3      36.6
302.0120 9.629983529288472E-4     771.1      37.3
302.9995 9.732240016652797E-4     777.0      39.0
304.0245 9.830210730046437E-4     782.8      41.6
305.0090 9.92837564724542E-4     788.5      42.7
306.0070 0.0010027209153489027     794.3      43.6
306.9970 0.0010119373747748365     799.7      45.1
308.0165 0.0010217595989579962     805.4      46.1
309.0030 0.0010307251419343967     810.7      45.7
310.0000 0.001040748662688776     816.5      46.1
311.0165 0.0010501978570937407     822.0      48.5
312.0045 0.0010596486493596176     827.6      48.0
313.0165 0.0010698120744920868     833.5      49.2
314.0065 0.0010801524016835228     839.6      50.2
315.0115 0.0010892063228245296     844.9      50.9
316.0065 0.0010991437296688777     850.7      52.2
316.9970 0.0011093348423953766     856.6      53.1
318.0145 0.0011183469637771428     861.9      56.0
318.9985 0.0011276838372075778     867.3      56.4
320.0290 0.0011379234126720956     873.3      59.3
321.0165 0.0011471223375713452     878.7      60.7
322.0040 0.0011572561087069074     884.6      61.1
323.0165 0.0011671615557725242     890.4      63.7
324.0075 0.001176115418591196     895.7      65.0
325.0040 0.0011849057821961167     900.8      66.2
326.0290 0.001194811982176584     906.6      68.9
327.0170 0.0012034003989478193     911.6      69.9
328.0025 0.0012127626424571678     917.1      70.7
329.0190 0.0012233680612975051     923.3      72.9
330.0080 0.0012328471390086783     928.8      72.7
331.0095 0.001242808488699441     934.6      73.3
332.0055 0.0012520764362157761     940.1      72.9
333.0005 0.0012614553493748319     945.5      73.8
334.0105 0.001271219413590545     951.3      74.5
335.0000 0.0012806444556981746     956.8      74.9
336.0220 0.0012902923780997101     962.4      76.1
337.0125 0.0013003389686750701     968.3      76.9
338.0025 0.00130948649631659     973.6      77.5
339.0290 0.0013178580302090899     978.5      80.2
340.0165 0.0013276943316793827     984.3      81.2
341.0025 0.0013368209836030326     989.6      82.7
342.0140 0.0013465855701178004     995.3      84.9
343.0005 0.001355561069021305    1000.6      86.1
344.0250 0.001365124773147098    1006.2      88.5
345.0130 0.0013757096072038193    1012.3      89.5
346.0045 0.0013846436794716548    1017.6      90.4
347.0400 0.0013935896892246708    1022.8      93.4
348.0275 0.0014032826307696724    1028.5      95.1
