48.0115 0.0
48.9985 -0.0010473352933645984
49.9955 -0.002087258345555131
51.002 -0.0031195798901245304
52.007 -0.004143624281561372
53.002 -0.005161044539986366
54.015 -0.006172278205739308
55.013 -0.0071735685605513215
56.0005 -0.008167979662795165
57.0025 -0.00915526655841195
58.014 -0.010134075428406338
58.997 -0.011106120477443665
59.9995 -0.012071988644685562
60.9985 -0.013029018239249882
62.016 -0.013978327336016541
63.001 -0.014920811358645456
64.0035 -0.015855885721702247
65.006 -0.016783377418643008
65.9955 -0.017702918227793494
67.0015 -0.018615158034694088
68.009 -0.019520459157401113
69.007 -0.020418545440088302
70.0065 -0.021308411395813805
71.0005 -0.022191793433566448
72.003 -0.0230680314707171
72.9985 -0.02393487703022296
73.9995 -0.024795209929348277
75.003 -0.025649291343408275
76.0015 -0.026496452985938033
77.011 -0.027334208651449626
78.0095 -0.028165745957793427
79.008 -0.02898951433909402
80.0065 -0.029806480128199378
81.0065 -0.030616318575552554
81.9965 -0.03141882808591401
83.0 -0.0322134582394505
84.006 -0.033001656858576686
84.998 -0.03378266970563114
86.003 -0.03455594924846272
87.0135 -0.0353224470879106
88.002 -0.03608228459979997
89.0035 -0.03683353836206047
90.0165 -0.037578031462125634
90.9985 -0.03831506742595814
92.004 -0.03904462497185266
93.0085 -0.039767005162462225
94.0055 -0.04048231555701851
95.0005 -0.04119074461354155
96.0045 -0.04189238392905277
97.003 -0.04258651265903059
98.015 -0.04327273864953429
98.996 -0.043952495810777426
100.0025 -0.04462524490451436
101.0165 -0.045290987863958174
102.0015 -0.04594856002207466
103.0 -0.046599211356975985
104.017 -0.04724326432443381
105.003 -0.04788014290398176
106.0015 -0.048509455380058186
107.0155 -0.04913141618081182
108.0105 -0.049746086444385884
109.001 -0.05035324046894568
110.0195 -0.05095315258192688
111.0015 -0.051545738548401075
112.005 -0.0521311515464533
113.0075 -0.052709436925866535
114.004 -0.05328068336325436
115.001 -0.05384573929407586
116.015 -0.05440218979058276
116.9985 -0.05495246004826215
118.0105 -0.055496238805040114
119.006 -0.056032101502070504
120.0025 -0.0565621596435666
121.0035 -0.05708503780946451
122.0055 -0.05760061414963831
123.001 -0.05810865170653855
124.0035 -0.058610501449187155
125.0095 -0.059104157866363916
125.995 -0.05959233550795074
127.001 -0.06007145514103642
128.009 -0.060544441817810934
128.997 -0.061011688595638054
130.0055 -0.06147055521620941
131.0125 -0.06192212907341772
132.0025 -0.062365915141685574
133.005 -0.06280290750832761
134.011 -0.06323301138094993
135.002 -0.06365650049955501
136.005 -0.06407285632966082
137.014 -0.06448262415239928
138.0 -0.06488449956069375
139.0145 -0.06527922324118639
140.011 -0.06566737596970147
141.0055 -0.06604732202869619
142.004 -0.0664207766044482
143.014 -0.06678671959521505
144.0 -0.06714678685458171
145.001 -0.06750006004851639
146.006 -0.06784535699353669
146.9985 -0.06818389436961457
148.0015 -0.06851572737586815
149.009 -0.06884020027791458
150.005 -0.069158125190657
151.004 -0.06946824927532888
152.016 -0.06977412129547796
152.9955 -0.07007124767832663
154.001 -0.07036159739754122
155.0175 -0.07064517966146895
156.0015 -0.07092193154793323
157.001 -0.07119078515186317
158.01 -0.0714532188029305
158.9955 -0.07170916204464463
160.003 -0.07195851912219531
161.014 -0.0721996473668963
162.0015 -0.07243328886621198
163.0035 -0.07266123651569302
164.013 -0.07288233926883705
164.9965 -0.07309627422864523
166.003 -0.0733034974675725
167.016 -0.07350323532122274
167.9995 -0.07369593649069946
169.0205 -0.07388213664289896
170.0175 -0.07406220424736923
171.0155 -0.07423384323142566
172.004 -0.07439919036540425
173.0075 -0.07455719979018118
174.0135 -0.07470925118334303
174.9965 -0.07485412506057894
176.0005 -0.07499115599612782
177.015 -0.07512268251828756
178.005 -0.07524716425586804
179.01 -0.07536578378894496
180.0095 -0.07547693638546647
180.9955 -0.07558015019713393
182.0025 -0.07567709242719384
183.0065 -0.07576691708718464
184.0045 -0.07585057689431865
185.012 -0.07592656617552307
186.0055 -0.07599637174944134
187.0035 -0.07605875907949
188.0035 -0.07611443891064554
189.015 -0.07616358338825126
189.9975 -0.0762066236028776
191.0135 -0.07624203525702351
192.012 -0.0762699835064799
192.9955 -0.07629145942128396
193.996 -0.07630624298451183
195.015 -0.07631451974401923
195.9995 -0.07631626881329981
197.0015 -0.07631001255668589
198.014 -0.07629782809090026
199.005 -0.07628060634629794
200.0185 -0.07625467405205419
201.0145 -0.07622177405973776
202.0005 -0.07618190680358003
203.0135 -0.0761354654963428
204.015 -0.07608207131947442
204.9985 -0.07602270879866206
206.018 -0.07595500056278935
207.014 -0.07588166780274241
207.9995 -0.07580031200879203
209.0285 -0.07571301302896571
210.018 -0.07561949518795875
211.0015 -0.0755198037895995
212.0125 -0.07541221324002395
213.0235 -0.07529864596839828
214.003 -0.07517754048384138
215.0255 -0.07505030950921121
216.018 -0.07491651488127676
217.002 -0.0747752591799671
218.026 -0.07462740202675106
219.015 -0.074473043433784
220.004 -0.07431148913508624
221.013 -0.07414394875344273
222.0175 -0.07397060514176364
223.0 -0.07378813465316177
224.0165 -0.07359939703807677
225.018 -0.07340408445228389
226.002 -0.07320349057213237
227.0225 -0.07299542075016001
228.018 -0.0727820260698564
229.0035 -0.07256169852766624
230.0195 -0.07233360218286858
231.0155 -0.0720999062314148
232.003 -0.07185960146567286
233.019 -0.07161200799687263
234.013 -0.07135740442725173
234.998 -0.07109576755479027
236.0035 -0.0708271166762686
237.016 -0.07055397180081414
238.006 -0.0702726581582502
239.0035 -0.06998550984322013
240.0245 -0.0696918795778033
241.021 -0.06939111640136926
242.015 -0.06908432784778058
243.0015 -0.06877029696940067
244.0185 -0.06844980242696212
245.015 -0.06812221600927983
246.0065 -0.06778828364123433
247.0055 -0.0674480390849242
248.009 -0.06710102798041304
249.002 -0.06674771565041095
250.009 -0.06638782620916545
251.008 -0.06602128327159687
251.9955 -0.06564911258519873
253.0115 -0.06527021348331093
254.0055 -0.06488454423998592
255.004 -0.06449214742105366
256.026 -0.06409500386368779
257.0105 -0.06369105839267619
257.995 -0.06327946926559853
259.023 -0.06286107190044918
260.0105 -0.06243640201637004
260.9975 -0.06200480905723347
262.0125 -0.06156746587283481
263.021 -0.06112275387702253
264.009 -0.06067187471976829
265.003 -0.06021341217237071
266.0035 -0.059749650620192156
267.016 -0.05927929684625319
268.0005 -0.05880256144229191
269.021 -0.058319205595897636
270.0195 -0.05782929776884766
271.002 -0.05733313828762862
272.004 -0.056831239094905756
273.0105 -0.05632242929613721
274.0105 -0.055806407336273664
275.002 -0.055284272102589294
276.015 -0.054756146694630116
277.0155 -0.054221640407499425
277.9985 -0.053679786842329484
279.0025 -0.05313138337263658
280.0155 -0.052576853482912383
280.999 -0.05201550215530045
282.002 -0.051446853833898486
283.0135 -0.0508731086633726
283.996 -0.05029241047696699
285.001 -0.04970564265259272
286.0085 -0.049112427879474056
286.9955 -0.0485122709304245
288.0045 -0.04790677181835777
289.012 -0.04729439558374244
290.0025 -0.04667504492703111
291.02 -0.046049963687573976
292.0155 -0.04541889500578078
293.009 -0.04478023317372052
294.0 -0.04413586965013639
295.0215 -0.04348381980994915
296.007 -0.04282654004878486
296.9955 -0.04216259024806938
298.021 -0.04149218771277555
299.0175 -0.040815725393186904
300.005 -0.04013357080698507
301.013 -0.03944582153679209
302.0025 -0.03875166781501926
303.022 -0.038050847063338805
304.013 -0.03734358241609422
305.002 -0.036629683439922345
306.0215 -0.03590939133652877
307.008 -0.03518289992611732
308.0075 -0.034450927195134054
309.0025 -0.03371179578000976
310.0235 -0.03296648600100285
311.0155 -0.03221504775366323
311.999 -0.0314565639090244
313.0225 -0.030692284872126125
314.0085 -0.029921805937111946
314.9975 -0.029144902612327793
316.029 -0.028361862561452653
317.0175 -0.02757301593861997
318.005 -0.026777198399238717
319.018 -0.025975478681922713
320.005 -0.02516724893646192
321.014 -0.02435284025793027
322.0025 -0.023531639470807893
323.014 -0.022704934015195542
324.006 -0.021871553459311906
325.0 -0.021031952723439943
326.024 -0.020185375837530304
327.0135 -0.01933318885301232
328.0035 -0.018474588892064554
329.018 -0.017609259702026363
330.007 -0.016737386444882832
330.9995 -0.015862419424648645
332.032 -0.014979500139336362
333.0185 -0.014089472612094702
334.0005 -0.013193622629211471
335.0305 -0.012291312516524669
336.0205 -0.011384522961864907
337.0095 -0.010469813891223565
337.997 -0.00954939060373134
339.031 -0.008621842979344697
340.015 -0.007687965807896823
341.0 -0.006748094917520454
342.0225 -0.005802770446588607
343.0065 -0.004851722451132287
343.997 -0.0038939789535213827
345.033 -0.0029298009053970284
346.0175 -0.0019596773012061468
347.0075 -0.0009829813746192431
348.0 0.0
