!---------------------------------------------------------------------------------
!SCANNED AXIS: Motor5
!KIND OF MOVEMENT: Absolute
!START POSITION: 28.0175 mm
!STOP POSITION: 327.9985 mm
!NUMBER OF STEPS: 300
!STEP VALUE: 1.0 mm
!SCAN TIME: 0.1 s
!---------------------------------------------------------------------------------

28.0175 -0.0016143078447417635    -735.6    -326.3
29.0065 -0.0016036763151717538    -729.4    -328.4
30.0055 -0.0015932611242032207    -723.3    -328.6
31.0030 -0.001581022793966206    -716.2    -327.6
32.0115 -0.0015706483297201208    -710.1    -327.3
33.0050 -0.0015590262826018606    -703.3    -327.5
33.9995 -0.0015489303994881223    -697.4    -326.2
35.0145 -0.0015368253257102434    -690.3    -326.1
36.0040 -0.0015266030638176628    -684.4    -326.4
37.0030 -0.0015149441621019495    -677.5    -325.9
38.0075 -0.001504869330335122    -671.6    -325.5
39.0040 -0.001492653057594705    -664.5    -326.1
39.9995 -0.0014828250771756714    -658.8    -324.4
41.0055 -0.0014721623931917528    -652.5    -324.4
42.0050 -0.0014609532414054192    -646.0    -324.1
43.0105 -0.0014498896770805117    -639.5    -322.7
44.0085 -0.001438885406936662    -633.1    -321.6
45.0070 -0.0014271175089739354    -626.2    -322.0
46.0190 -0.0014168678889775197    -620.2    -320.9
46.9980 -0.0014064096003017482    -614.1    -320.7
48.0035 -0.001395391541458513    -607.6    -319.4
49.0040 -0.001385514031286787    -601.9    -319.0
50.0085 -0.0013734616023095537    -594.8    -317.7
51.0045 -0.0013641488143724364    -589.4    -317.5
52.0210 -0.0013524622154845907    -582.6    -316.8
52.9995 -0.0013409324276117281    -575.8    -316.9
54.0220 -0.0013306014379515052    -569.8    -315.2
55.0155 -0.0013205046717939411    -563.9    -315.2
56.0025 -0.0013100306495906727    -557.7    -315.7
57.0040 -0.0012991706601754994    -551.4    -313.2
58.0215 -0.0012877759879382211    -544.7    -312.1
59.0045 -0.001278067579489196    -539.1    -312.5
60.0240 -0.001266218558158511    -532.1    -311.2
61.0145 -0.0012573212932181842    -526.9    -309.9
61.9955 -0.0012461475690539547    -520.4    -309.7
63.0230 -0.0012354968449333015    -514.2    -308.9
64.0250 -0.0012245602323465107    -507.8    -309.9
65.0095 -0.0012141732995583309    -501.7    -310.3
66.0080 -0.0012029447917954023    -495.1    -311.9
67.0140 -0.0011928008907258476    -489.2    -311.7
68.0070 -0.0011821942832786806    -483.0    -312.7
69.0270 -0.0011716696234627465    -476.9    -312.6
70.0125 -0.0011612584361996377    -470.8    -313.1
71.0060 -0.0011508380911186321    -464.7    -312.3
72.0200 -0.0011395302978212977    -458.1    -312.6
72.9950 -0.0011286543670021678    -451.7    -312.8
74.0350 -0.0011183103310619317    -445.7    -312.0
75.0305 -0.0011076881779796455    -439.5    -311.9
76.0150 -0.001098645248655341    -434.2    -311.8
76.9960 -0.0010868904813801435    -427.3    -312.2
78.0180 -0.00107633903632017    -421.1    -311.3
79.0285 -0.0010653066315894466    -414.7    -311.0
80.0165 -0.0010555043432822014    -408.9    -310.3
80.9950 -0.001045448328300961    -403.1    -311.3
82.0160 -0.0010355120888353284    -397.3    -308.4
83.0255 -0.0010242895420749876    -390.7    -308.3
84.0165 -0.001014663549196542    -385.1    -308.0
84.9975 -0.001003627431485166    -378.6    -308.3
86.0090 -9.93693869461248E-4    -372.8    -306.5
87.0235 -9.831025278297307E-4    -366.6    -306.1
88.0135 -9.72350418789205E-4    -360.3    -305.8
88.9965 -9.611993517502175E-4    -353.8    -305.5
90.0110 -9.520312195157831E-4    -348.5    -304.4
90.9970 -9.424057579811117E-4    -342.8    -304.0
92.0390 -9.308519763486788E-4    -336.1    -301.4
93.0220 -9.214155716607506E-4    -330.6    -300.4
94.0110 -9.102934488892801E-4    -324.1    -299.7
95.0050 -9.004270093910657E-4    -318.3    -299.1
96.0330 -8.895993397038134E-4    -312.0    -296.5
97.0265 -8.79922768721593E-4    -306.3    -295.8
98.0140 -8.692403440863583E-4    -300.1    -295.8
98.9955 -8.596058994694375E-4    -294.4    -296.8
100.0370 -8.486182213962594E-4    -288.0    -295.9
101.0320 -8.383264918132948E-4    -282.0    -296.3
102.0270 -8.282157496671793E-4    -276.1    -295.8
103.0225 -8.170656563680118E-4    -269.6    -296.4
104.0140 -8.078795813457575E-4    -264.2    -297.1
104.9975 -7.976702323798875E-4    -258.2    -297.9
106.0395 -7.861732637537061E-4    -251.5    -295.9
107.0295 -7.764168583817815E-4    -245.8    -296.6
108.0220 -7.674486663067511E-4    -240.6    -296.4
109.0115 -7.566919652328315E-4    -234.3    -297.3
109.9980 -7.460345200205053E-4    -228.0    -297.5
111.0360 -7.363056631835341E-4    -222.3    -296.2
112.0275 -7.258970303807558E-4    -216.3    -296.2
113.0240 -7.158629466156221E-4    -210.4    -295.9
114.0145 -7.06390667817708E-4    -204.9    -296.1
115.0010 -6.957649763105816E-4    -198.6    -297.2
116.0340 -6.840404120912508E-4    -191.8    -296.7
117.0260 -6.744333323793517E-4    -186.2    -297.0
118.0180 -6.648420191751955E-4    -180.6    -296.3
119.0060 -6.543972647190048E-4    -174.5    -295.6
120.0055 -6.44441066492157E-4    -168.6    -295.3
121.0145 -6.340803656319562E-4    -162.6    -293.8
121.9990 -6.240481991289667E-4    -156.7    -292.6
123.0445 -6.138759394383665E-4    -150.8    -290.6
124.0320 -6.046347088599561E-4    -145.4    -290.9
125.0275 -5.941553414092578E-4    -139.2    -290.3
126.0210 -5.844468614333482E-4    -133.6    -289.0
127.0050 -5.73933627531686E-4    -127.4    -289.6
128.0230 -5.641643352528745E-4    -121.7    -288.0
129.0180 -5.538652737483476E-4    -115.7    -287.7
129.9990 -5.449541885052452E-4    -110.5    -287.8
131.0285 -5.343055533756437E-4    -104.3    -286.7
132.0195 -5.236036178465786E-4     -98.0    -285.8
133.0090 -5.14315126467984E-4     -92.6    -285.0
134.0065 -5.043115500655797E-4     -86.7    -285.1
135.0160 -4.934729604786174E-4     -80.4    -284.1
135.9950 -4.842725297071448E-4     -75.0    -284.9
137.0520 -4.7330143294870816E-4     -68.6    -283.6
138.0350 -4.6379060442046464E-4     -63.0    -284.5
139.0355 -4.534523978284093E-4     -57.0    -284.6
140.0255 -4.431353297952008E-4     -51.0    -284.6
141.0165 -4.3381053502010073E-4     -45.5    -285.0
141.9950 -4.239965608756166E-4     -39.8    -285.6
143.0295 -4.138954324446582E-4     -33.9    -284.9
144.0220 -4.039876540017913E-4     -28.1    -284.9
145.0100 -3.9466353862467824E-4     -22.6    -285.6
146.0045 -3.8401808521799994E-4     -16.4    -286.7
147.0425 -3.741028706547122E-4     -10.6    -284.8
148.0320 -3.640916502984967E-4      -4.7    -285.1
149.0230 -3.536684967665828E-4       1.3    -285.9
150.0170 -3.443348363237867E-4       6.8    -286.3
151.0075 -3.3435935752482816E-4      12.6    -286.3
151.9950 -3.244104812052167E-4      18.4    -286.7
153.0240 -3.1451006540012227E-4      24.2    -284.8
154.0020 -3.04519066933436E-4      30.1    -285.0
155.0080 -2.9475001378510607E-4      35.8    -284.2
156.0070 -2.850107915486632E-4      41.5    -283.7
157.0055 -2.755844560919636E-4      47.0    -282.7
158.0030 -2.652308669785091E-4      53.0    -281.9
159.0360 -2.553757168514962E-4      58.8    -279.7
160.0310 -2.4611322802037364E-4      64.2    -278.7
161.0275 -2.3616341195924459E-4      70.0    -277.7
162.0220 -2.261812361508668E-4      75.9    -277.4
163.0110 -2.1655340943462618E-4      81.5    -276.5
163.9975 -2.0764283255271786E-4      86.7    -276.4
165.0145 -1.9731588517686956E-4      92.7    -275.0
165.9960 -1.868577441315189E-4      98.9    -275.5
167.0385 -1.7710041372867688E-4     104.6    -272.9
168.0350 -1.6781947536021263E-4     110.0    -271.8
169.0330 -1.5705841051968678E-4     116.3    -271.7
170.0305 -1.4848612192291905E-4     121.3    -271.0
171.0215 -1.384209651782588E-4     127.2    -270.4
172.0030 -1.2936870700250522E-4     132.5    -270.6
173.0190 -1.1889209249899995E-4     138.6    -269.9
174.0020 -1.097920953831265E-4     143.9    -271.1
175.0120 -9.996484206832408E-5     149.7    -270.7
176.0025 -9.015624238173175E-5     155.4    -272.4
177.0410 -8.002077341823592E-5     161.3    -271.1
178.0265 -6.966532499564898E-5     167.4    -272.1
179.0200 -6.0798639294190336E-5     172.6    -271.3
180.0085 -5.124154400541018E-5     178.1    -270.9
181.0075 -4.126397648111588E-5     184.0    -272.0
181.9955 -3.139316621223315E-5     189.7    -271.8
183.0185 -2.2171779516630368E-5     195.1    -271.5
184.0015 -1.3124367562570392E-5     200.4    -272.2
185.0185 -4.503899593766302E-6     205.5    -271.1
186.0015 6.2135913615434026E-6     211.7    -272.9
187.0230 1.6556941498051066E-5     217.8    -271.0
188.0120 2.5370245257879963E-5     222.9    -272.0
188.9975 3.593120737513737E-5     229.1    -273.0
190.0410 4.5671101601686276E-5     234.8    -271.7
191.0325 5.445958241741445E-5     239.9    -272.4
192.0265 6.447544712483628E-5     245.8    -272.7
193.0095 7.352863718103597E-5     251.1    -273.2
194.0120 8.313884342545584E-5     256.7    -272.9
195.0070 9.252274918201117E-5     262.2    -272.4
196.0230 1.018187385242433E-4     267.6    -270.9
196.9990 1.1171167995878096E-4     273.4    -270.8
198.0210 1.2218436022608684E-4     279.5    -268.6
199.0035 1.3071543622201364E-4     284.5    -269.1
200.0095 1.4020903310034186E-4     290.1    -267.9
201.0045 1.5073782815128137E-4     296.2    -267.2
202.0410 1.598828333999753E-4     301.6    -265.3
203.0270 1.6930625171939355E-4     307.1    -264.9
204.0105 1.786653626066372E-4     312.5    -264.1
205.0045 1.8739695749614798E-4     317.7    -264.2
206.0375 1.9783141547047918E-4     323.8    -262.5
207.0250 2.0635009937090764E-4     328.7    -261.9
208.0155 2.154257476399334E-4     334.0    -261.9
208.9970 2.2449207257438134E-4     339.3    -262.2
210.0150 2.3450085560393732E-4     345.2    -260.7
211.0120 2.442365393330233E-4     350.9    -260.3
211.9985 2.524490809900302E-4     355.7    -260.7
213.0165 2.623147769456634E-4     361.4    -260.8
214.0005 2.722749384625992E-4     367.3    -261.3
215.0225 2.821428079542271E-4     373.0    -260.2
216.0050 2.906365752266063E-4     378.0    -260.4
217.0075 3.00029288017033E-4     383.5    -259.7
217.9985 3.1025540702142124E-4     389.5    -260.3
219.0370 3.194850118733226E-4     394.9    -258.0
220.0305 3.2871199805848425E-4     400.3    -258.2
221.0235 3.3779145652368533E-4     405.6    -258.5
222.0120 3.468595512079111E-4     410.9    -258.7
223.0015 3.566088221493333E-4     416.6    -259.6
224.0350 3.66298248304273E-4     422.2    -257.6
225.0295 3.754372178665458E-4     427.6    -258.2
226.0180 3.8434990004016466E-4     432.8    -258.1
226.9995 3.935030149957303E-4     438.1    -258.8
228.0185 4.0245828888143967E-4     443.4    -258.5
228.9990 4.1110255292548914E-4     448.4    -259.4
230.0135 4.208778236920082E-4     454.1    -258.5
231.0020 4.3110532257371696E-4     460.1    -259.6
232.0365 4.4013247562638407E-4     465.4    -258.2
233.0195 4.49326873363783E-4     470.8    -258.6
234.0015 4.576054274316845E-4     475.6    -259.5
235.0160 4.6683231412195304E-4     481.0    -258.2
235.9975 4.761209740853933E-4     486.4    -257.8
237.0225 4.847384904067068E-4     491.5    -256.7
238.0125 4.946557277945144E-4     497.3    -256.4
239.0000 5.039406212988311E-4     502.7    -256.3
240.0315 5.124724442103295E-4     507.7    -253.4
241.0270 5.219178049033216E-4     513.2    -252.2
242.0185 5.305935105576106E-4     518.3    -251.8
243.0100 5.400654725312182E-4     523.8    -251.8
244.0085 5.496882889657485E-4     529.4    -250.8
245.0055 5.583399943482253E-4     534.5    -249.8
246.0045 5.675484259473027E-4     539.9    -249.8
247.0380 5.772751596588719E-4     545.6    -247.4
248.0255 5.861141141079297E-4     550.7    -247.3
249.0195 5.948406578220849E-4     555.8    -246.9
250.0070 6.035640355011168E-4     560.9    -246.4
251.0055 6.131983835845096E-4     566.6    -247.2
252.0105 6.22342095993923E-4     571.9    -248.2
252.9965 6.309426095270093E-4     576.9    -248.3
254.0390 6.408946384431867E-4     582.8    -247.6
255.0260 6.507337361763878E-4     588.5    -247.7
256.0160 6.591248999680433E-4     593.4    -248.5
257.0015 6.681333807883348E-4     598.7    -248.5
258.0240 6.769592519525653E-4     603.9    -247.4
259.0100 6.848826814791468E-4     608.5    -248.7
260.0070 6.940932335498873E-4     613.9    -248.8
261.0095 7.031499868206749E-4     619.2    -248.7
262.0075 7.126794747650252E-4     624.7    -248.3
263.0130 7.210110068876468E-4     629.6    -248.6
264.0000 7.300760504446773E-4     634.9    -249.0
265.0415 7.393746274489025E-4     640.3    -247.5
266.0280 7.474434471620435E-4     645.1    -247.9
267.0160 7.576569199196051E-4     651.0    -248.7
267.9980 7.660479084178036E-4     655.9    -249.2
269.0290 7.748737796948046E-4     661.1    -248.4
270.0225 7.838208757623807E-4     666.3    -248.7
271.0185 7.932241738688056E-4     671.8    -249.2
272.0085 8.023718553384872E-4     677.2    -249.0
272.9985 8.111778639282806E-4     682.3    -248.6
274.0325 8.200340710109533E-4     687.5    -246.7
275.0235 8.283269571835434E-4     692.3    -245.2
276.0150 8.365875208616952E-4     697.2    -243.6
277.0005 8.464462694794797E-4     702.9    -243.3
278.0250 8.545370982912887E-4     707.7    -241.3
279.0170 8.632188562461561E-4     712.7    -241.0
279.9950 8.709101320460139E-4     717.2    -240.4
281.0290 8.800880753892146E-4     722.6    -237.8
282.0215 8.883997218558729E-4     727.5    -237.8
283.0095 8.972631068225395E-4     732.6    -236.8
284.0085 9.069200257669858E-4     738.3    -236.1
285.0015 9.153227273599537E-4     743.2    -236.3
286.0085 9.251255340010987E-4     748.9    -235.0
286.9995 9.32938730815693E-4     753.5    -234.3
288.0310 9.425264179660931E-4     759.1    -232.8
289.0185 9.51109757981259E-4     764.1    -232.3
289.9970 9.598639007782382E-4     769.2    -233.8
291.0290 9.682993418359666E-4     774.2    -233.0
292.0230 9.77086916117881E-4     779.3    -234.0
293.0120 9.860159076394337E-4     784.5    -234.3
294.0015 9.943739495175423E-4     789.4    -235.1
295.0305 0.0010031187007753818     794.5    -233.3
296.0270 0.0010118457588767658     799.6    -234.0
297.0220 0.0010207785092813425     804.8    -233.7
298.0080 0.0010289933252989464     809.7    -234.4
299.0085 0.0010383688257295995     815.1    -235.1
299.9955 0.0010466547902364775     820.0    -235.6
301.0195 0.0010549281458113382     824.8    -234.4
302.0045 0.0010637255263879007     830.0    -234.6
303.0145 0.0010733370283148673     835.6    -234.1
304.0010 0.0010812513506353383     840.2    -235.1
305.0325 0.0010903260058124024     845.5    -233.9
306.0245 0.0010982446693240102     850.1    -233.8
307.0080 0.001106210480686013     854.8    -234.6
308.0020 0.0011160247534647179     860.5    -235.8
309.0285 0.0011243661509956824     865.4    -235.1
310.0175 0.0011332098492884155     870.6    -234.6
310.9980 0.0011408728764319381     875.1    -235.4
312.0250 0.0011504682807101981     880.7    -234.3
313.0085 0.0011580311834095032     885.1    -232.5
314.0065 0.0011668062568889598     890.2    -231.0
314.9995 0.0011751601522773155     895.1    -229.3
316.0090 0.0011845683388412777     900.6    -227.7
316.9990 0.0011932455609626911     905.7    -228.5
318.0340 0.0012013235589843404     910.4    -227.2
319.0275 0.0012090873741927336     914.9    -227.2
320.0155 0.0012180590514882655     920.2    -228.1
320.9985 0.001227235479032874     925.5    -229.1
322.0325 0.0012358029010557689     930.6    -227.2
323.0260 0.0012449753421519773     935.9    -226.7
324.0125 0.0012527011289989274     940.4    -226.5
324.9975 0.0012618005813377683     945.8    -226.3
326.0275 0.001270165049604084     950.6    -223.6
327.0145 0.0012779897081423724     955.2    -222.6
327.9985 0.0012875210652517062     960.8    -224.8
