!---------------------------------------------------------------------------------
!SCANNED AXIS: Motor5
!KIND OF MOVEMENT: Absolute
!START POSITION: 47.9965 mm
!STOP POSITION: 347.9970 mm
!NUMBER OF STEPS: 300
!STEP VALUE: 1.0 mm
!SCAN TIME: 0.1 s
!---------------------------------------------------------------------------------

47.9965 -0.0018023671747813472    -845.6     133.9
49.0000 -0.0017913846610969556    -839.1     133.6
50.0005 -0.0017802277922114608    -832.6     136.5
51.0010 -0.001768148339579088    -825.6     136.5
51.9960 -0.0017564586517365389    -818.7     136.0
52.9980 -0.0017446276374410055    -811.8     136.1
54.0010 -0.001732244476629444    -804.6     135.3
54.9990 -0.0017212545277593251    -798.1     135.5
55.9990 -0.0017092909487552632    -791.2     135.2
57.0000 -0.0016970977646379227    -784.0     135.5
57.9995 -0.0016860914884523086    -777.6     135.4
58.9975 -0.0016752747684256023    -771.3     136.5
59.9975 -0.0016638107282070515    -764.6     136.5
60.9995 -0.0016514280932162571    -757.3     137.1
62.0010 -0.0016407286914238565    -751.1     137.4
63.0010 -0.0016289338761030733    -744.2     139.1
64.0035 -0.001618187971914272    -737.9     138.8
65.0010 -0.0016061911966657445    -730.9     139.7
65.9995 -0.0015948585403918623    -724.3     140.0
67.0010 -0.0015837972834101496    -717.8     141.7
68.0020 -0.0015729480431510713    -711.4     142.0
69.0015 -0.001561181787566341    -704.6     142.9
69.9995 -0.0015496092151605482    -697.8     142.6
71.0020 -0.001538394445550927    -691.2     144.2
71.9965 -0.0015276294923144559    -685.0     144.3
72.9990 -0.0015155637666654186    -677.9     145.4
73.9970 -0.0015046187969440551    -671.5     143.9
74.9985 -0.001493298143202266    -664.9     144.2
75.9975 -0.0014811373857420084    -657.8     143.5
76.9990 -0.001470151957263412    -651.4     144.1
78.0005 -0.001459367387713709    -645.0     143.6
78.9980 -0.0014477103524914213    -638.2     144.0
79.9990 -0.001437048268906482    -632.0     143.7
81.0025 -0.001425648898386971    -625.3     143.8
82.0015 -0.0014142417814721098    -618.7     143.8
83.0030 -0.0014040063903319484    -612.7     145.0
83.9970 -0.0013927079460648133    -606.1     145.5
85.0020 -0.0013808431717293537    -599.1     146.3
86.0020 -0.0013699410823367422    -592.8     146.4
87.0040 -0.0013593431279573425    -586.6     147.3
88.0090 -0.0013473256427584358    -579.5     148.2
88.9980 -0.0013364272171953232    -573.2     147.4
90.0005 -0.001326108804446065    -567.1     148.7
91.0000 -0.001314806993550998    -560.5     149.1
91.9995 -0.0013033367106022613    -553.8     150.4
93.0010 -0.001291752687220807    -547.1     151.2
94.0055 -0.0012812781428790407    -540.9     152.9
94.9965 -0.0012699010543765498    -534.3     153.1
96.0015 -0.0012599202444323388    -528.5     154.4
97.0035 -0.0012491178560531172    -522.1     154.6
98.0080 -0.0012363960578937148    -514.7     154.2
99.0025 -0.0012255138147198494    -508.3     153.4
100.0145 -0.0012146403845940126    -502.0     154.0
100.9990 -0.0012038350253635577    -495.7     153.5
102.0000 -0.0011935893545240949    -489.7     154.0
103.0030 -0.001181919508337339    -482.9     152.9
104.0105 -0.0011719667263343024    -477.0     154.1
104.9960 -0.0011598359563814169    -469.9     154.2
106.0035 -0.0011485998898161814    -463.4     155.3
106.9990 -0.0011375325343593715    -456.9     154.7
108.0020 -0.0011265724578290368    -450.5     156.1
109.0040 -0.0011158486968382603    -444.2     156.5
110.0165 -0.0011051727083961995    -438.0     158.2
111.0020 -0.0010940688989854873    -431.5     158.0
112.0035 -0.0010829590678508433    -425.0     159.3
112.9985 -0.0010721993409209983    -418.7     159.4
114.0110 -0.0010618854820717211    -412.7     160.9
114.9980 -0.0010506433579467122    -406.1     161.0
116.0040 -0.0010396061008809937    -399.7     162.6
117.0045 -0.0010290126267156823    -393.5     162.2
118.0170 -0.001018682721740477    -387.4     162.8
119.0060 -0.0010073453552397874    -380.8     163.4
120.0070 -9.964327849751047E-4    -374.4     162.7
121.0070 -9.85765572022195E-4    -368.2     162.8
121.9985 -9.748992952432705E-4    -361.8     162.2
123.0010 -9.637703634545287E-4    -355.3     162.8
124.0025 -9.532954883197141E-4    -349.2     161.8
125.0135 -9.426049031063796E-4    -342.9     162.2
126.0065 -9.319102348789499E-4    -336.7     162.4
126.9970 -9.209911497856672E-4    -330.3     162.4
128.0025 -9.110098360082712E-4    -324.5     163.7
129.0005 -8.99347271276764E-4    -317.7     164.0
130.0015 -8.885829205769203E-4    -311.4     164.5
131.0060 -8.777041394220728E-4    -305.0     164.2
131.9955 -8.668540404998764E-4    -298.7     165.0
133.0020 -8.56563776474314E-4    -292.6     166.4
134.0125 -8.459909405455277E-4    -286.5     166.6
135.0070 -8.354774768756273E-4    -280.3     167.5
136.0145 -8.247036739267464E-4    -274.0     168.7
137.0060 -8.134923712457113E-4    -267.5     169.1
138.0020 -8.031942404216598E-4    -261.4     170.3
139.0105 -7.921495948686444E-4    -255.0     170.5
140.0055 -7.817546848185779E-4    -248.9     170.1
141.0015 -7.710327700241752E-4    -242.6     170.1
142.0035 -7.602276725835964E-4    -236.3     169.3
142.9985 -7.500129840958606E-4    -230.4     169.8
144.0025 -7.394663755490677E-4    -224.2     168.8
145.0065 -7.288607428941372E-4    -218.0     169.5
146.0045 -7.184857978111969E-4    -211.9     169.4
147.0055 -7.077349656946729E-4    -205.6     168.6
148.0030 -6.969240376014232E-4    -199.3     168.5
149.0040 -6.86710892668739E-4    -193.4     169.8
150.0045 -6.756150008839802E-4    -186.9     169.6
151.0110 -6.653939991466808E-4    -180.9     170.6
152.0005 -6.548914379292327E-4    -174.7     170.7
153.0100 -6.441337697390112E-4    -168.5     172.5
153.9990 -6.339820592895941E-4    -162.5     172.6
154.9995 -6.231811263862641E-4    -156.2     174.6
156.0045 -6.128349791238217E-4    -150.2     175.0
157.0045 -6.015907542916058E-4    -143.6     176.7
158.0015 -5.916956662759612E-4    -137.8     176.5
159.0060 -5.814899562755304E-4    -131.8     178.7
160.0045 -5.702093804473954E-4    -125.2     179.4
161.0045 -5.593662775804509E-4    -118.9     180.0
162.0090 -5.503599770310798E-4    -113.6     180.7
163.0065 -5.393998453086377E-4    -107.2     179.6
164.0105 -5.285433043171832E-4    -100.9     179.4
165.0060 -5.184895577380036E-4     -95.0     178.7
166.0020 -5.082146671541028E-4     -89.0     179.3
166.9970 -4.97537198681679E-4     -82.8     178.7
168.0040 -4.8768237276150376E-4     -77.0     179.4
169.0005 -4.7596909748402543E-4     -70.2     178.0
170.0030 -4.651723557985597E-4     -63.8     178.7
171.0000 -4.5537543003171336E-4     -58.1     179.0
172.0040 -4.4471322162065717E-4     -51.9     180.2
173.0005 -4.3497404823995963E-4     -46.2     179.9
174.0040 -4.2494576301974253E-4     -40.3     181.0
175.0000 -4.1385119889563035E-4     -33.8     180.9
176.0055 -4.0374707617740123E-4     -27.9     182.9
177.0025 -3.937552611909182E-4     -22.1     182.9
178.0050 -3.83602742151001E-4     -16.2     183.9
179.0085 -3.7197765305551836E-4      -9.4     184.2
180.0050 -3.625848455839117E-4      -3.9     184.2
181.0000 -3.524714175572694E-4       2.0     186.1
182.0035 -3.4194893887550654E-4       8.2     186.3
183.0155 -3.316299425951832E-4      14.2     187.8
183.9965 -3.226105805288742E-4      19.5     187.0
185.0020 -3.1106866655743236E-4      26.2     186.4
186.0085 -3.0059322045712715E-4      32.4     186.8
187.0070 -2.905459311739415E-4      38.2     186.0
188.0090 -2.79567573034014E-4      44.7     185.0
189.0060 -2.705771826065687E-4      49.9     184.4
190.0010 -2.6074563164943035E-4      55.7     185.1
191.0030 -2.4992437065809845E-4      62.0     185.4
192.0150 -2.3889107541995406E-4      68.4     186.4
193.0035 -2.2915963888599727E-4      74.1     184.7
194.0015 -2.1927553784099746E-4      79.9     186.4
195.0125 -2.088652309371986E-4      86.0     186.7
195.9990 -1.9919716741718626E-4      91.6     187.0
197.0040 -1.881921309581669E-4      98.1     188.2
198.0220 -1.7832048894456492E-4     103.9     189.3
198.9995 -1.6691792275870323E-4     110.5     189.9
200.0075 -1.5787064130434112E-4     115.8     191.1
201.0145 -1.4825577710594385E-4     121.4     191.4
202.0050 -1.3853213575577565E-4     127.1     191.6
202.9980 -1.2829170976328362E-4     133.1     193.2
204.0140 -1.182294157023357E-4     139.0     192.8
205.0085 -1.0776484647839825E-4     145.1     192.2
206.0020 -9.829089450700254E-5     150.6     192.7
207.0105 -8.813061418031845E-5     156.6     191.7
207.9995 -7.7702010432369E-5     162.7     190.2
209.0040 -6.771042248645838E-5     168.5     192.4
210.0130 -5.7665621232525706E-5     174.4     190.6
210.9985 -4.7657778368296345E-5     180.2     190.0
212.0175 -3.748616752432732E-5     186.2     189.8
213.0125 -2.690665460812583E-5     192.4     191.3
214.0010 -1.7411047147091796E-5     197.9     191.1
215.0230 -7.5683013961741445E-6     203.7     192.9
216.0005 2.7365425395764646E-6     209.7     193.5
217.0215 1.3334424120455632E-5     215.9     195.5
218.0035 2.2863546400501746E-5     221.5     195.7
219.0200 3.307314519290121E-5     227.4     197.3
220.0045 4.232239162574547E-5     232.8     197.4
221.0170 5.244134707823463E-5     238.8     198.9
222.0040 6.16050158465727E-5     244.1     199.3
223.0190 7.28017295225259E-5     250.7     200.6
224.0050 8.189513343440789E-5     256.0     200.3
225.0175 9.195751099310258E-5     261.9     201.1
225.9990 1.0111475483308271E-4     267.2     201.2
227.0105 1.1183641291575534E-4     273.5     202.0
227.9950 1.2223827996774744E-4     279.6     201.2
229.0020 1.3182958629428255E-4     285.2     201.1
230.0070 1.412585801940144E-4     290.7     200.0
231.0125 1.5199026888781556E-4     297.0     199.4
232.0060 1.6207858811924248E-4     302.9     199.1
233.0035 1.7128101568020905E-4     308.2     199.7
234.0075 1.8143935897951038E-4     314.2     199.4
235.0120 1.9181760348356287E-4     320.2     200.0
235.9970 2.007223860453545E-4     325.4     200.2
237.0165 2.1118105395414907E-4     331.6     201.9
238.0125 2.2072898400969052E-4     337.1     201.9
238.9950 2.2996538763438704E-4     342.5     201.6
240.0195 2.3984900095582707E-4     348.3     203.1
241.0155 2.502857261826893E-4     354.4     203.8
242.0050 2.5943661146125184E-4     359.8     204.3
243.0205 2.699271876505127E-4     365.9     205.8
244.0065 2.7928009217007433E-4     371.4     206.1
244.9965 2.8881618537701073E-4     376.9     206.5
246.0225 2.994906997240646E-4     383.2     208.0
247.0055 3.0852552855983336E-4     388.5     207.5
248.0055 3.188170318558349E-4     394.5     206.5
249.0250 3.2797641869153777E-4     399.8     206.6
250.0080 3.3787993873398087E-4     405.6     206.1
250.9990 3.4856229647460974E-4     411.9     204.6
252.0195 3.5723096276032344E-4     416.9     205.2
253.0125 3.669536275537311E-4     422.6     205.1
254.0060 3.76408238478305E-4     428.1     203.4
255.0035 3.8620207892968314E-4     433.9     204.6
256.0120 3.9637594324175887E-4     439.8     205.6
257.0035 4.0504538207018645E-4     444.9     205.8
258.0240 4.158239288111085E-4     451.2     206.5
259.0200 4.2519194138902836E-4     456.7     206.8
259.9990 4.346332943695517E-4     462.2     207.1
261.0270 4.440741472763148E-4     467.7     208.8
262.0235 4.5405213853068495E-4     473.5     209.4
263.0130 4.6446150460401466E-4     479.6     210.1
264.0045 4.7324465652182925E-4     484.8     210.1
265.0220 4.839093479951498E-4     491.0     212.2
266.0210 4.9246795349953E-4     496.0     212.4
267.0090 5.021290322945822E-4     501.6     213.0
268.0075 5.114613262991937E-4     507.1     212.1
269.0200 5.208226678650894E-4     512.6     212.1
270.0175 5.301644119367108E-4     518.0     211.3
270.9995 5.405985482121625E-4     524.1     210.3
272.0205 5.501029909233924E-4     529.7     210.5
273.0140 5.598900935169243E-4     535.4     210.1
274.0020 5.691332068680655E-4     540.8     209.7
275.0170 5.792792771851065E-4     546.7     210.2
276.0045 5.883982176778222E-4     552.1     209.9
277.0210 5.975133212082873E-4     557.4     212.0
278.0105 6.069442000905559E-4     562.9     212.0
279.0070 6.165560392015203E-4     568.5     212.3
280.0030 6.257333564814094E-4     573.9     213.3
281.0145 6.347354032678156E-4     579.2     214.6
282.0045 6.440242842801003E-4     584.6     214.9
283.0225 6.543849934910329E-4     590.7     216.4
284.0035 6.628592269611643E-4     595.6     216.3
285.0155 6.726402362526837E-4     601.3     217.5
286.0000 6.822651854010236E-4     607.0     217.3
287.0155 6.917843887358085E-4     612.5     218.3
287.9970 7.01107120797861E-4     618.0     218.2
289.0130 7.107479795835055E-4     623.6     220.2
290.0010 7.200729226171965E-4     629.1     220.4
291.0220 7.301306998133756E-4     634.9     219.8
292.0190 7.390465943751417E-4     640.1     219.1
293.0075 7.49012162736934E-4     646.0     217.9
294.0095 7.583776846625417E-4     651.4     217.4
295.0030 7.679657657957741E-4     657.1     217.5
296.0130 7.769487927828516E-4     662.3     217.4
297.0045 7.868032056290509E-4     668.1     216.7
298.0195 7.946831159992845E-4     672.7     218.4
299.0215 8.050664854123445E-4     678.7     218.5
300.0085 8.136228209544977E-4     683.7     218.2
301.0090 8.227207660229459E-4     689.1     218.2
302.0065 8.325644946093143E-4     694.8     218.7
303.0235 8.417136163828451E-4     700.2     220.7
304.0095 8.51290857497017E-4     705.8     221.4
305.0060 8.602914512961486E-4     711.0     221.8
306.0255 8.694858237214421E-4     716.4     222.9
307.0060 8.789833184951736E-4     722.0     223.8
307.9980 8.880647680034435E-4     727.3     223.3
309.0260 8.973468845986295E-4     732.7     225.3
310.0085 9.065074364807232E-4     738.0     224.7
310.9980 9.158282576356882E-4     743.5     224.5
312.0225 9.249465219881264E-4     748.8     224.4
313.0075 9.343657129286171E-4     754.3     223.4
314.0060 9.443175296852694E-4     760.1     222.7
315.0260 9.534730516101694E-4     765.5     222.6
316.0130 9.622704086292092E-4     770.6     222.2
317.0090 9.71911918324078E-4     776.3     221.6
318.0000 9.801572475326417E-4     781.1     222.1
319.0200 9.900286508545087E-4     786.9     222.6
320.0025 9.985406031621433E-4     791.8     223.0
321.0220 0.001006796326406363     796.7     224.8
322.0100 0.0010176409872402303     803.0     224.4
323.0070 0.001025865503657754     807.8     224.1
324.0270 0.0010361260014447441     813.8     225.8
325.0115 0.0010439754539437191     818.4     226.1
326.0120 0.0010534213417965758     823.9     226.6
326.9960 0.00106232265053054     829.1     226.3
328.0265 0.001071628222695957     834.6     228.2
329.0100 0.0010806199385954218     839.8     228.1
330.0075 0.0010899183002943287     845.3     228.1
331.0265 0.00109969492802504     851.0     229.0
332.0150 0.001108269632659359     856.0     228.2
333.0040 0.0011178815321281927     861.6     227.1
334.0045 0.0011259244906776406     866.3     226.8
335.0030 0.0011349159477297636     871.6     226.6
336.0090 0.0011438903606737216     876.8     227.0
337.0000 0.0011528678872706592     882.1     226.8
338.0115 0.0011624964422623767     887.7     227.1
338.9970 0.0011712230457575463     892.8     227.5
340.0025 0.0011806056789366143     898.3     227.3
341.0180 0.0011896155741288263     903.6     228.8
342.0025 0.0011982323026384376     908.6     228.9
343.0095 0.0012079929610888393     914.3     230.0
343.9965 0.0012172788486182185     919.7     230.0
345.0190 0.00122538520739645     924.5     231.1
346.0100 0.00123435286177386     929.7     231.9
347.0025 0.0012436002247683175     935.1     231.8
347.9970 0.0012523440056568366     940.2     232.9
