48.016 -0.0
49.0035 -5.1500754422617806e-05
50.0035 -0.00010273485850049481
51.0045 -0.00015366785237700808
52.0045 -0.0002041183041738377
53.0025 -0.0002533273033370233
54.0225 -0.00030107062428596024
55.0185 -0.0003506634173435965
55.997 -0.00039853052028763353
57.009 -0.00044721372675129295
58.0205 -0.0004947622540727968
59.0025 -0.0005420765187355084
60.0235 -0.0005889887822221225
61.01 -0.000633536230551443
62.007 -0.00067965931946673
63.012 -0.0007261184496877224
64.0085 -0.0007710904555277703
65.0075 -0.0008154383474846677
66.0075 -0.0008599932001786027
67.01 -0.0009042175799586182
68.005 -0.0009471411553242833
69.0105 -0.0009909794484298969
70.0305 -0.0010328561923019022
71.0235 -0.001076354838948794
72.0055 -0.0011184264832526797
73.0005 -0.001160594811631159
74.0105 -0.0012010399113539308
75.0285 -0.0012420168339296114
76.011 -0.0012832114137743267
77.0 -0.0013244792056018584
78.0065 -0.0013642659677571972
79.018 -0.0014035220253983544
80.0005 -0.001442207812647013
81.029 -0.0014822008683345461
82.0155 -0.0015214788721152409
83.001 -0.0015604462307775083
84.007 -0.0015987340153892984
85.0265 -0.0016370922015143188
86.02 -0.0016754710460486905
86.9975 -0.0017127188648774772
88.035 -0.0017500016098297294
89.025 -0.0017870333469586427
90.008 -0.001823876065046942
91.007 -0.0018613649028963106
91.9995 -0.0018976372914338083
93.0285 -0.0019343935562629172
94.0195 -0.0019700106686694543
95.003 -0.0020060885711504703
96.02 -0.0020411777689235827
97.007 -0.0020762800003215065
98.003 -0.0021099955170816725
99.032 -0.002143477795482157
100.032 -0.0021775189487138746
101.0265 -0.0022107418280581242
102.0175 -0.002243913319698948
103.003 -0.0022779591706220403
104.029 -0.0023099328825183646
105.0215 -0.0023429149554085593
106.013 -0.0023739208901343567
106.9955 -0.002404442486435468
108.023 -0.002435818130789094
109.007 -0.002465862955948514
110.0055 -0.002495848025229938
111.0195 -0.002524986304420704
112.0045 -0.0025542643721143815
113.0225 -0.0025841089305513876
114.0095 -0.002613646846758841
115.008 -0.0026430240567807545
116.002 -0.0026722501199840237
117.026 -0.0026997220706663355
118.015 -0.0027286970647331515
118.995 -0.002755817395571847
120.027 -0.0027830971791415887
121.014 -0.002811531581948176
121.997 -0.0028383940295855364
123.0395 -0.002865365145035062
124.029 -0.002893111504196258
125.022 -0.002918438036759133
126.0075 -0.0029441748423393727
127.011 -0.0029695051414068557
128.0005 -0.0029946299242619018
129.0195 -0.0030197685153205978
130.007 -0.003043985010431016
131.0015 -0.0030686037555556905
132.046 -0.003092897296637989
133.035 -0.0031158992464386526
134.0315 -0.0031396827192527454
135.0315 -0.0031613702786798814
136.0275 -0.0031845267530994925
137.016 -0.0032063675402616426
137.9975 -0.003227747984383661
139.0415 -0.0032494526790327743
140.0315 -0.0032692999261198924
141.034 -0.003290769543562208
142.0265 -0.0033116126634411686
143.0085 -0.0033316727330455903
144.0065 -0.0033514406100208505
145.012 -0.003371291041331659
146.001 -0.003390446785223808
147.0275 -0.0034099509991511595
148.0335 -0.003428498887662751
149.028 -0.0034469786302738364
150.013 -0.0034639060410250333
151.0 -0.0034814205517916114
152.028 -0.0034991093331075973
153.0195 -0.003515357537616448
154.0115 -0.003532592677915475
154.997 -0.003548203244027992
156.03 -0.003562950360246231
157.02 -0.003579070037725049
158.0065 -0.0035928850262506584
158.9975 -0.003606570860789929
160.0375 -0.003621458401144889
161.0365 -0.0036344247762214177
162.037 -0.003648221283742037
163.03 -0.0036613976229388917
164.03 -0.0036726178444063534
165.0295 -0.0036848824355741883
166.0265 -0.003697222990478949
167.0235 -0.003707591393138962
168.0125 -0.0037184170104745395
168.997 -0.003728404814188374
170.021 -0.0037400045975963248
171.0305 -0.0037507894299778216
172.0175 -0.0037597536608331567
172.998 -0.0037687725367872016
174.0175 -0.0037781651785596115
174.9965 -0.0037867797618794247
176.0265 -0.003794628113068549
177.015 -0.0038016530743847643
177.998 -0.0038090054173657018
179.0345 -0.003815983103247836
180.02 -0.003823062099385155
181.008 -0.0038291250243669
182.0095 -0.0038350060979485817
182.9975 -0.0038408700105289073
184.0185 -0.0038460180581690873
185.0 -0.0038514323834389214
186.0195 -0.0038560010856997923
187.0095 -0.0038601126676466035
188.011 -0.003864907143331403
188.9995 -0.0038676057728110613
190.0155 -0.0038705484107666444
191.001 -0.0038747435737167546
192.029 -0.003877052454131877
193.0225 -0.0038795465193839918
194.0015 -0.003880084228521055
195.0215 -0.003881160487727603
196.0025 -0.0038824738857935054
197.0175 -0.0038844559145368718
197.9985 -0.0038841750743807135
199.042 -0.0038838286644811287
200.033 -0.003881630756616225
201.031 -0.0038811993589678156
202.0285 -0.0038801333451633363
203.0195 -0.0038774116132321845
204.004 -0.003874778901801823
205.028 -0.0038719239384729376
206.012 -0.0038696276297636722
207.0035 -0.003867250037916742
208.022 -0.0038626886884317174
209.0255 -0.003859160844561102
210.021 -0.003854246493444527
211.0065 -0.0038502163400463
212.0035 -0.0038453411780527413
213.027 -0.003840662358846114
214.016 -0.003834680643650376
215.008 -0.0038278973119711124
215.9955 -0.003820903040273521
217.0225 -0.003813168080999102
218.0085 -0.0038061504363890164
219.0075 -0.0037978337952731395
219.9975 -0.003789312188817881
221.0225 -0.003781145864079044
222.0095 -0.0037724948657342494
222.998 -0.0037617119984616615
224.035 -0.00375265954963086
225.027 -0.003741787569405436
226.0185 -0.0037317173229650114
226.9955 -0.003721422568269933
228.0125 -0.00371041217912646
229.0015 -0.003699146470372644
230.0215 -0.0036864221939715835
231.011 -0.0036761911024821847
232.005 -0.003663190510721684
233.0305 -0.0036516147913423502
234.015 -0.003639212846209286
234.997 -0.003626222904232701
236.0185 -0.0036131260603222137
236.9965 -0.003598690993792633
238.0315 -0.003584326847161312
239.0225 -0.0035689548488950923
240.0075 -0.0035539454415480787
241.0075 -0.00353830890103167
242.0 -0.0035222450918825088
243.021 -0.003506501485153163
244.015 -0.003489918158284408
245.0065 -0.0034728987871742584
246.003 -0.0034579382031548617
247.0375 -0.003440422888018657
248.0295 -0.003421516364751978
249.0235 -0.003402780316320256
250.008 -0.00338544431011549
251.009 -0.0033669978708284892
251.997 -0.0033470581212705214
253.0205 -0.0033283218576679874
253.9975 -0.0033085109475467084
255.023 -0.003288300810864647
256.005 -0.003268928099143753
257.024 -0.003249574375891212
258.012 -0.0032285365806724448
259.0035 -0.003207937801514349
260.0415 -0.0031875831330160087
261.0285 -0.003165447772216251
262.011 -0.003142631464137388
263.013 -0.003121734452457975
263.997 -0.0030984346546655134
265.037 -0.0030757881290497946
266.023 -0.0030520127157476484
267.0025 -0.003027907475256178
268.0215 -0.003003165845728753
269.0055 -0.0029787445101896876
270.02 -0.0029540052993927285
271.003 -0.00292887497793827
272.0295 -0.0029033960932179914
273.0115 -0.0028771973949697632
274.002 -0.002851182204557101
275.012 -0.0028246679413792414
275.997 -0.002799234383117813
277.022 -0.002772136450467713
278.016 -0.0027451891119167765
278.9965 -0.0027172586898298046
280.0275 -0.0026890894775781493
281.0105 -0.0026612106622235093
281.9965 -0.0026319716815576405
283.028 -0.0026037197252625904
284.017 -0.0025759986970860793
285.0 -0.0025466135563712577
286.017 -0.00251682176511997
287.021 -0.002488182168134817
288.013 -0.0024577977133382056
288.9975 -0.002426959637940873
290.016 -0.002397484008805545
290.996 -0.002365649339317835
292.026 -0.0023339787301029924
293.011 -0.002300261364859696
294.006 -0.0022678753341785485
295.002 -0.0022338489596056277
296.0225 -0.0022010618084899597
297.0075 -0.0021672156252610097
298.0075 -0.002134000651654748
298.9995 -0.0021003320032900036
300.0145 -0.002066004994072522
300.9975 -0.0020322521247521305
302.0305 -0.0019981207781653992
303.012 -0.0019631221406161
304.0005 -0.0019274815509512377
305.03 -0.0018912090102997728
306.021 -0.0018544817623785265
307.0055 -0.0018185564575336072
308.0045 -0.0017816334522970934
309.0335 -0.0017443326645354765
310.0185 -0.001705912081376916
311.0045 -0.0016692175562160946
312.011 -0.0016306777225126232
312.998 -0.0015925063504590026
314.026 -0.001553969348252554
315.0135 -0.0015135176455649615
315.9965 -0.0014738852536396799
317.0265 -0.001434761958831375
318.0145 -0.0013943000396211408
319.0015 -0.0013538943535246206
320.033 -0.0013129939323804907
321.0125 -0.0012716653492980678
322.009 -0.001229833389458937
323.016 -0.00118730591140076
323.997 -0.001145804563190786
325.0385 -0.00110308635888616
326.0265 -0.001059627305419298
327.0095 -0.0010169848146169454
328.0095 -0.0009728382760853284
328.996 -0.0009279396447571739
330.041 -0.0008826025097156513
331.0215 -0.000837956341036377
332.0165 -0.0007922955682381286
332.999 -0.0007463055656511154
334.0315 -0.0006999203993352174
335.0175 -0.0006518047666777167
336.016 -0.0006048009788636802
337.004 -0.0005561663598040011
338.0095 -0.0005072927629377281
339.0055 -0.0004585653674610106
340.0245 -0.0004093954131458629
341.011 -0.0003594546125057739
342.0005 -0.00030932049504113317
343.02 -0.00025976665038685877
344.0075 -0.00020843505451732022
345.0095 -0.0001562075413443862
346.007 -0.00010457226905092893
347.0055 -5.237780108901494e-05
348.0145 -0.0
