!---------------------------------------------------------------------------------
!SCANNED AXIS: Motor5
!KIND OF MOVEMENT: Absolute
!START POSITION: 48.0080 mm
!STOP POSITION: 348.0045 mm
!NUMBER OF STEPS: 300
!STEP VALUE: 1.0 mm
!SCAN TIME: 0.1 s
!---------------------------------------------------------------------------------

48.0080 -0.0018058087477051488    -847.6     130.8
48.9995 -0.001793991431043357    -840.7     131.3
50.0000 -0.0017830191960163905    -834.3     131.8
50.9960 -0.0017701652363282037    -826.7     131.4
52.0010 -0.001758676098850616    -820.0     132.2
53.0010 -0.0017472916329927973    -813.4     131.9
53.9975 -0.001735365798516624    -806.4     132.7
54.9975 -0.0017235797957353975    -799.5     132.5
56.0000 -0.0017120662798552366    -792.8     133.6
57.0005 -0.0017000811271488405    -785.8     133.9
58.0000 -0.0016885535417372555    -779.0     135.3
59.0015 -0.0016778593367368939    -772.8     135.7
60.0070 -0.0016660282400274638    -765.9     137.4
61.0005 -0.0016551659079757104    -759.5     137.5
62.0015 -0.0016428044592994933    -752.3     138.9
62.9975 -0.0016319048540975906    -745.9     138.5
64.0010 -0.0016202469393133392    -739.1     140.3
65.0005 -0.0016085223049380083    -732.2     140.1
66.0030 -0.0015975419153649655    -725.8     141.2
67.0010 -0.0015857174558439708    -718.9     141.4
68.0050 -0.0015745649803147435    -712.4     143.1
69.0045 -0.0015631757313531382    -705.7     142.6
70.0005 -0.0015518944940105682    -699.1     142.9
70.9955 -0.0015402816810301014    -692.4     141.4
71.9970 -0.0015291636605867724    -685.9     142.3
73.0005 -0.0015174741708613132    -679.0     141.3
74.0040 -0.0015065485862596154    -672.6     142.0
74.9970 -0.0014955732087122311    -666.2     141.3
76.0050 -0.0014835887083116462    -659.2     142.7
76.9995 -0.0014720248326851992    -652.4     142.0
78.0010 -0.0014611581298358072    -646.1     143.5
79.0025 -0.0014495282762219492    -639.3     143.4
80.0030 -0.0014391899424790098    -633.3     144.4
81.0045 -0.0014277397132241882    -626.6     144.3
82.0105 -0.001416242399477958    -619.8     145.8
83.0045 -0.0014051500613689774    -613.4     146.1
84.0000 -0.0013938235866886612    -606.7     147.2
85.0050 -0.0013830746145479054    -600.4     146.8
85.9985 -0.0013719306187349256    -593.9     148.2
87.0005 -0.001361060384980597    -587.6     147.7
88.0000 -0.0013500719869960229    -581.2     149.1
89.0075 -0.0013394125909207697    -574.9     150.1
90.0000 -0.0013278124217857969    -568.1     149.7
90.9995 -0.0013173362402397154    -562.0     149.9
92.0055 -0.0013050973608868036    -554.9     148.8
93.0065 -0.0012935843458735583    -548.1     148.9
94.0010 -0.001283022283442115    -542.0     148.6
95.0015 -0.001271677945633348    -535.3     148.1
96.0035 -0.001261081438501385    -529.1     148.3
96.9990 -0.0012492394838487621    -522.2     148.6
97.9985 -0.001238571260310744    -516.0     147.9
99.0030 -0.0012267670346594252    -509.1     149.4
100.0090 -0.001216242074177949    -502.9     150.1
101.0095 -0.0012047118831765803    -496.2     150.5
102.0070 -0.0011947300450706768    -490.3     151.2
103.0000 -0.0011837922917308362    -483.9     151.1
104.0035 -0.0011724801533541426    -477.3     152.7
105.0050 -0.0011608428024616965    -470.5     152.1
106.0090 -0.0011502065297289072    -464.3     153.4
106.9995 -0.0011393406338601375    -458.0     153.9
108.0170 -0.0011286175458975342    -451.7     155.1
109.0020 -0.0011178332782689616    -445.4     155.5
110.0050 -0.0011066190904761924    -438.8     157.8
111.0100 -0.0010956059466052232    -432.4     158.7
112.0085 -0.0010845722744965874    -425.9     158.6
113.0135 -0.0010737401563913366    -419.6     158.0
113.9960 -0.0010633514638325023    -413.5     157.8
115.0050 -0.0010516616993963101    -406.7     158.6
116.0050 -0.0010413531275826188    -400.7     157.5
117.0075 -0.0010301178794777917    -394.1     158.1
118.0055 -0.001019595729113394    -388.0     157.9
118.9955 -0.0010085372019916984    -381.5     158.3
120.0040 -9.977619603078157E-4    -375.2     159.8
121.0060 -9.867483102921131E-4    -368.8     159.9
122.0075 -9.756693592316994E-4    -362.3     159.9
123.0030 -9.655172874716782E-4    -356.3     161.8
124.0000 -9.544560363546805E-4    -349.9     161.5
125.0025 -9.435220751319351E-4    -343.5     162.8
126.0040 -9.333386993536047E-4    -337.5     163.3
126.9990 -9.225560557085622E-4    -331.2     164.7
128.0000 -9.112223704209105E-4    -324.6     164.1
129.0015 -9.007855532472681E-4    -318.5     166.3
129.9970 -8.900056976334883E-4    -312.2     165.7
130.9995 -8.785950186018793E-4    -305.5     167.3
132.0015 -8.685164074437461E-4    -299.6     166.7
133.0015 -8.577802418027874E-4    -293.4     167.0
134.0035 -8.468011513647709E-4    -286.9     165.8
135.0065 -8.359047841262926E-4    -280.6     166.2
136.0065 -8.252120321528329E-4    -274.3     166.6
137.0055 -8.147117977589109E-4    -268.2     166.1
138.0045 -8.035421189007038E-4    -261.7     166.8
139.0060 -7.931763952717987E-4    -255.6     165.8
139.9995 -7.825316112896819E-4    -249.4     165.5
141.0025 -7.713335337971251E-4    -242.8     166.4
142.0035 -7.607889244358357E-4    -236.7     166.4
143.0030 -7.500179059033332E-4    -230.4     167.5
143.9990 -7.400573246646698E-4    -224.5     167.5
145.0000 -7.288414472494383E-4    -218.0     169.4
145.9960 -7.188125267416295E-4    -212.1     169.2
147.0085 -7.079164056186729E-4    -205.7     169.7
148.0000 -6.978524390409568E-4    -199.9     169.6
149.0035 -6.875718450692463E-4    -193.9     171.3
150.0035 -6.763061947600476E-4    -187.3     171.2
151.0190 -6.657442798150237E-4    -181.1     172.2
152.0045 -6.555310828053321E-4    -175.1     172.4
153.0125 -6.444037876286373E-4    -168.6     174.0
154.0045 -6.341612425470642E-4    -162.6     174.4
155.0050 -6.238491068534045E-4    -156.6     174.9
155.9995 -6.135672380611281E-4    -150.6     174.2
157.0015 -6.02674353068165E-4    -144.2     174.2
158.0025 -5.918350937727592E-4    -137.9     173.3
158.9990 -5.822741532107064E-4    -132.3     173.4
160.0070 -5.708612005169473E-4    -125.6     173.3
161.0000 -5.597793546402095E-4    -119.1     173.0
162.0000 -5.493510393754E-4    -113.1     173.8
163.0025 -5.396866469302195E-4    -107.4     173.2
164.0005 -5.291117546509316E-4    -101.2     174.3
165.0050 -5.180314759571413E-4     -94.7     173.6
166.0040 -5.08138724028026E-4     -89.0     174.8
167.0115 -4.976781760890767E-4     -82.8     175.2
168.0030 -4.8743358614723053E-4     -76.9     175.2
169.0100 -4.7637286308116846E-4     -70.4     177.3
170.0105 -4.6608481847971626E-4     -64.4     177.6
171.0065 -4.555368111852888E-4     -58.2     178.0
172.0035 -4.4511609285675864E-4     -52.1     180.1
173.0030 -4.3493721429543447E-4     -46.2     180.3
174.0025 -4.2488698145301226E-4     -40.3     181.9
175.0050 -4.1478192307931576E-4     -34.4     182.3
176.0075 -4.0393911975296354E-4     -28.0     183.0
177.0015 -3.937858348502563E-4     -22.1     182.0
177.9975 -3.8394073158835797E-4     -16.4     182.0
179.0015 -3.7294200852804635E-4      -9.9     181.2
180.0025 -3.623653939168229E-4      -3.7     182.0
180.9980 -3.5243890207076905E-4       2.1     181.0
182.0135 -3.42147416129891E-4       8.1     181.6
182.9955 -3.3112069436286507E-4      14.5     181.2
184.0010 -3.209559217134097E-4      20.5     182.7
184.9960 -3.1117932806442146E-4      26.2     182.0
186.0060 -3.003712127129203E-4      32.5     183.1
187.0045 -2.8969490239264456E-4      38.7     183.1
188.0045 -2.800580247113558E-4      44.4     184.1
189.0030 -2.7092127139388987E-4      49.7     184.6
190.0200 -2.5932042958393527E-4      56.5     186.9
191.0040 -2.485628249181228E-4      62.8     186.3
192.0055 -2.3867461060372782E-4      68.6     187.3
193.0115 -2.2930857834657994E-4      74.0     188.6
194.0040 -2.190391784991287E-4      80.0     188.0
195.0035 -2.091316087032472E-4      85.8     189.3
196.0050 -1.985633970308969E-4      92.0     189.3
197.0160 -1.8763769897371383E-4      98.4     190.1
197.9995 -1.7800570261376845E-4     104.0     188.9
199.0150 -1.6761251058584488E-4     110.1     189.1
200.0195 -1.5787037439990114E-4     115.8     188.6
201.0020 -1.478224378233943E-4     121.7     187.5
202.0095 -1.3759045421388627E-4     127.7     188.1
203.0050 -1.2733235211298487E-4     133.7     187.3
204.0205 -1.1740449800401033E-4     139.5     188.0
205.0000 -1.0767441511277263E-4     145.2     187.4
206.0205 -9.620641035337764E-5     151.9     188.8
207.0080 -8.650066550823287E-5     157.5     188.7
207.9980 -7.644714373801624E-5     163.4     188.6
209.0075 -6.674455530291575E-5     169.1     189.9
210.0120 -5.688683562852375E-5     174.8     190.7
211.0080 -4.716498078035681E-5     180.5     190.6
211.9975 -3.69592649740782E-5     186.5     191.9
213.0150 -2.7331970679362863E-5     192.1     192.5
214.0000 -1.7224889603108487E-5     198.0     192.9
214.9985 -7.300882714384891E-6     203.8     195.0
216.0040 3.154171738656297E-6     209.9     194.4
217.0205 1.3723549997984336E-5     216.1     195.7
218.0000 2.3309615722616183E-5     221.7     195.4
219.0230 3.275646752167344E-5     227.2     196.6
220.0050 4.2920966026151896E-5     233.2     195.7
221.0195 5.354467472707637E-5     239.4     195.4
222.0115 6.328681551237736E-5     245.1     194.8
223.0075 7.332346860803754E-5     251.0     193.9
224.0050 8.331593972439502E-5     256.8     194.7
225.0100 9.275244710687727E-5     262.3     193.5
226.0055 1.0312840909026419E-4     268.4     193.0
226.9990 1.126662544594238E-4     274.0     194.6
228.0065 1.2273548503546433E-4     279.9     194.2
228.9990 1.3288360450622845E-4     285.8     194.4
230.0175 1.4268344054849832E-4     291.5     196.2
231.0005 1.5236742357106105E-4     297.2     196.0
232.0200 1.623039382947643E-4     303.0     197.8
233.0095 1.724714619216049E-4     308.9     199.2
234.0055 1.8236145712113155E-4     314.7     199.3
235.0015 1.9205030640538948E-4     320.4     201.3
236.0115 2.0154280824959798E-4     325.9     202.1
236.9995 2.1106032488624272E-4     331.5     202.7
238.0110 2.2165573966590648E-4     337.7     204.3
239.0170 2.3149914859303444E-4     343.4     204.4
240.0035 2.4110727721014889E-4     349.1     202.8
241.0105 2.5110519167265263E-4     354.9     203.5
242.0085 2.6150183184475977E-4     361.0     202.9
243.0095 2.7039621005144456E-4     366.2     202.0
243.9990 2.7990136950197377E-4     371.7     201.9
245.0050 2.8988471177526597E-4     377.6     203.0
246.0090 3.002248126172315E-4     383.6     202.6
247.0065 3.0979291806451604E-4     389.2     200.8
248.0040 3.1981983251385516E-4     395.1     202.5
249.0105 3.2916395201148727E-4     400.5     202.6
250.0040 3.3905079203976816E-4     406.3     202.9
251.0060 3.4911061462598425E-4     412.2     204.5
252.0050 3.587077948213625E-4     417.8     204.3
253.0190 3.6838658829412284E-4     423.5     206.0
254.0030 3.774871234535177E-4     428.8     206.0
255.0165 3.872253684090779E-4     434.5     206.9
256.0060 3.9789851001517657E-4     440.7     207.3
256.9990 4.0692103301776563E-4     446.0     207.1
258.0205 4.166942691642643E-4     451.7     209.0
259.0045 4.261921167120138E-4     457.3     209.3
260.0145 4.3541578032878426E-4     462.6     209.8
261.0010 4.445178826942358E-4     468.0     208.7
262.0190 4.558602781024388E-4     474.6     209.8
263.0125 4.649031121198182E-4     479.9     208.2
263.9975 4.740100525883797E-4     485.2     207.7
265.0010 4.836520015803793E-4     490.8     208.3
266.0175 4.930075872724059E-4     496.3     208.3
266.9985 5.029483251150367E-4     502.1     207.6
268.0180 5.121932968194263E-4     507.5     207.7
269.0095 5.217434317764468E-4     513.1     207.9
270.0080 5.318019089037332E-4     519.0     207.7
271.0085 5.416621479525616E-4     524.8     208.3
272.0070 5.514443045362532E-4     530.5     209.1
273.0065 5.614309612595542E-4     536.3     209.7
274.0080 5.702212987426812E-4     541.5     210.7
275.0025 5.798907965383251E-4     547.1     211.0
276.0220 5.893355712621602E-4     552.6     213.2
277.0060 5.990201018162972E-4     558.3     213.0
277.9980 6.072662031447489E-4     563.1     213.2
279.0000 6.176570745881997E-4     569.2     215.1
280.0105 6.265352986783921E-4     574.4     215.0
281.0155 6.365261102498247E-4     580.2     214.0
282.0015 6.453063427488046E-4     585.3     213.5
283.0190 6.550469245085363E-4     591.0     213.8
284.0090 6.649702227975653E-4     596.8     213.4
285.0000 6.735028461923672E-4     601.8     212.5
286.0010 6.822986132619262E-4     607.0     213.4
287.0070 6.923155700042311E-4     612.8     212.2
287.9985 7.028482900940448E-4     619.0     211.4
289.0015 7.118108486697558E-4     624.2     211.9
290.0160 7.213413904201708E-4     629.8     212.6
291.0110 7.308107804365509E-4     635.3     213.3
291.9985 7.413607695513185E-4     641.5     213.4
293.0190 7.499863521524101E-4     646.5     214.6
294.0110 7.589098679423177E-4     651.8     215.3
295.0040 7.682382239911947E-4     657.2     215.9
296.0205 7.777496915874561E-4     662.8     218.1
297.0145 7.880396969082603E-4     668.8     219.0
298.0000 7.964897455165864E-4     673.7     218.9
299.0225 8.054448707857147E-4     679.0     220.6
300.0110 8.144318572274438E-4     684.2     222.0
301.0000 8.239884024667126E-4     689.8     221.2
302.0215 8.341531167855036E-4     695.7     221.8
303.0125 8.428816647102664E-4     700.8     221.1
304.0055 8.518923336749997E-4     706.1     219.4
304.9995 8.613117885157922E-4     711.6     220.1
306.0225 8.708963662250507E-4     717.2     220.3
307.0165 8.804165231435014E-4     722.8     219.4
308.0045 8.890637442712245E-4     727.8     218.4
309.0230 8.982810018479166E-4     733.2     219.4
310.0105 9.075951266058919E-4     738.7     219.1
311.0060 9.170952611243684E-4     744.2     219.3
311.9990 9.261657073294278E-4     749.5     219.5
313.0130 9.360740879758757E-4     755.3     220.7
313.9955 9.453208244615402E-4     760.7     221.1
315.0180 9.545749522289256E-4     766.1     222.2
316.0055 9.632494715534484E-4     771.2     222.6
317.0090 9.725561543688952E-4     776.7     222.8
318.0000 9.814817383921905E-4     781.9     223.1
319.0110 9.911301143824688E-4     787.5     224.4
319.9990 9.995098554758748E-4     792.4     224.7
321.0210 0.0010088819390758146     797.9     226.3
322.0110 0.001019215996843454     803.9     226.3
323.0060 0.0010278981264665473     809.0     225.9
324.0145 0.001037221255288525     814.5     226.8
325.0005 0.001045919238022846     819.5     224.9
326.0195 0.001054663497303509     824.7     225.2
327.0105 0.001064122852689813     830.2     225.1
328.0080 0.0010732721406329505     835.5     224.2
328.9985 0.0010825309838824217     840.9     223.6
330.0195 0.0010913736439417513     846.1     223.4
331.0050 0.0011008032601854745     851.6     222.3
332.0145 0.0011101868437263913     857.1     222.9
332.9975 0.0011189578814985069     862.2     222.9
334.0110 0.0011277156817322783     867.4     223.9
335.0090 0.0011368343055534675     872.7     224.7
336.0000 0.001146078358903839     878.1     224.9
337.0195 0.0011558488968209414     883.8     226.4
338.0040 0.0011644161982731756     888.8     226.5
339.0110 0.0011734926964258098     894.1     227.6
340.0075 0.0011816752794902873     898.9     228.0
341.0185 0.0011910285024653471     904.4     229.6
342.0070 0.0012008920436634605     910.1     229.8
343.0100 0.0012096388040720948     915.3     229.6
344.0080 0.001219047324949903     920.8     230.0
345.0000 0.0012280804998155994     926.0     229.7
346.0270 0.001236840193882565     931.2     229.6
347.0135 0.0012456332788957343     936.3     228.7
348.0045 0.001255147252071081     941.9     227.5
