48.0005 -0.0
49.0045 5.9015179234581756e-05
50.003 0.00011879278553120166
50.999 0.00017745826777838553
52.0055 0.00023514532491342426
53.0015 0.00029250781969561174
54.0035 0.0003491557770953016
54.997 0.00040444183761653187
55.9975 0.00045963702195495754
56.9995 0.0005142533623640928
58.0025 0.000568093530911834
59.0055 0.0006224909619430077
60.0045 0.000675747344133986
61.0035 0.0007295782601200868
62.0015 0.0007810707531261361
63.0045 0.0008324975657823842
64.004 0.0008842351595319507
65.0015 0.0009353740307903834
65.9995 0.000985603430751228
66.9995 0.00103619818268599
68.0055 0.0010857952425258437
69.0005 0.0011339523341863528
69.996 0.001182240724907701
71.0045 0.0012298139542971237
72.0065 0.0012770620879099318
73.003 0.0013232748009982809
73.9965 0.00136806622958658
75.0015 0.001412951366554692
76.0065 0.0014578427077630296
77.002 0.0015007162539283983
77.999 0.001544667541167527
79.0035 0.001587584704568941
80.001 0.001630303546432843
81.005 0.0016704974200520625
81.9965 0.0017106115617839118
83.0015 0.001750608207393256
84.005 0.001791224023834588
85.0105 0.0018304394688668374
86.0035 0.0018689816784383181
87.003 0.001905778764908321
87.9985 0.0019423407179109259
89.0025 0.0019790165280429636
90.0015 0.002014334138691093
91.0005 0.0020489006575399593
92.004 0.002084053122047999
93.005 0.002117661359324237
94.0005 0.002151039210871751
94.999 0.002184066161581566
96.0035 0.0022170391213678364
97.002 0.002248747843893305
98.0015 0.0022798563434682506
99.0115 0.0023108301416468746
100.005 0.0023411087787791884
101.0 0.0023712963720733393
101.9975 0.0024002398347132137
103.0015 0.002427725010467993
103.996 0.002455823124468487
105.002 0.002481987380601944
106.0 0.002508394163038996
107.0 0.002535722011009822
107.996 0.0025610962402910498
108.999 0.002586736638156381
109.9965 0.0026120505808985423
111.004 0.0026364238742146995
112.006 0.0026596757091790074
112.996 0.0026832576299263694
114.004 0.0027063384387817635
115.0045 0.002728479363946004
116.017 0.002750511513090234
117.0035 0.0027725756842956195
118.0115 0.002792887525273638
119.005 0.0028132780668030793
120.0025 0.0028333640578191016
121.0005 0.002852047198895702
122.0075 0.002871598618211915
122.998 0.0028892074466256024
124.003 0.002906390456322863
125.0005 0.0029241585291029104
126.002 0.0029405158547636256
127.0005 0.0029566320215364122
128.01 0.0029722525534905675
128.9995 0.002988217603780874
129.997 0.003004202788267074
131.013 0.0030198119433434006
132.0085 0.0030341607276736376
133.013 0.00304813971442941
134.0085 0.003060190167191168
135.0005 0.0030734694133503493
136.0025 0.003085069487211864
137.0025 0.00309664652344889
138.0025 0.0031083481142572117
139.001 0.0031192079371020337
139.9985 0.0031302481354396894
141.0015 0.003141166271710835
142.009 0.0031509435941932395
143.0 0.0031608062163204914
144.0025 0.0031693373824664417
145.006 0.0031782710180171814
146.0085 0.003186298849332192
146.995 0.0031937373042855294
148.0025 0.003200640109155342
149.0055 0.003207162792215723
149.9965 0.003213688612674598
151.016 0.00321956124820727
152.0015 0.0032251098736880424
153.0005 0.0032308033922341384
154.0055 0.0032349291618317677
154.9975 0.0032391042043305313
156.0025 0.003243632572036456
157.004 0.0032458406208718815
158.001 0.003249203885582308
158.998 0.003252102730386758
160.0115 0.003254460526779121
161.007 0.0032566642276306568
162.0125 0.0032587218733006462
163.0055 0.0032604826217409594
163.999 0.003262139722817567
165.0045 0.003262932769592247
166.001 0.003262259403553111
167.001 0.003263143351395076
168.0005 0.003261813232293201
169.002 0.0032618946885298317
170.0045 0.0032607269055594384
171.0005 0.0032590090005478883
172.003 0.00325834473199664
173.008 0.0032566883502529453
174.0085 0.003253429714718606
174.999 0.0032507903759900064
176.0 0.003247816556655639
177.002 0.003244822589854632
177.9965 0.003241279635886357
179.005 0.0032363622877072673
180.011 0.003231478714218222
181.0075 0.0032281831441506176
181.9975 0.003222066487500022
183.0005 0.0032163397062989624
184.0095 0.003211595300764064
185.0065 0.0032055637796007397
186.005 0.0031996788326888737
187.0015 0.003194586911939301
188.0075 0.0031879183978731768
189.006 0.003181957555097051
189.998 0.00317435214667193
191.004 0.003165912356864281
192.009 0.0031580097680772856
193.0065 0.0031490413105905724
194.0115 0.003141010482965778
195.007 0.003132152213514594
196.015 0.0031234519761410007
196.9955 0.003113706565236185
198.0005 0.0031055114671410117
199.008 0.003096100315220965
200.0065 0.0030871949156558998
200.9995 0.003076866733165276
202.005 0.003066081267195833
203.0155 0.003055832212745052
204.011 0.0030450084935580574
205.0035 0.0030339276787502145
206.0145 0.003023057316837635
207.0085 0.003011494211152113
207.998 0.003000552543541715
209.0005 0.0029882393888783915
210.0155 0.0029765444116392203
211.0005 0.002963605565787203
212.0015 0.0029517209213996143
213.002 0.0029379833584424753
214.0195 0.0029244139077492237
215.0035 0.0029114588523718593
216.0155 0.0028966565675627026
217.0105 0.0028827176830147905
217.996 0.0028677816169707104
219.001 0.002852641435577674
220.005 0.0028381126102154514
221.0125 0.0028241357473711287
221.997 0.0028086408900463433
223.005 0.0027937946832074373
224.001 0.0027777982792786676
225.0075 0.002763157137836758
226.002 0.0027472885254829216
227.0175 0.002730806217238549
228.0065 0.0027141760111146773
228.996 0.0026969731538423747
230.001 0.002680338183328801
231.009 0.00266323156217399
231.997 0.002645739325118801
233.0155 0.0026272903102219775
234.01 0.002610454344683058
235.007 0.0025931463493182733
236.0145 0.002575457105490314
237.014 0.002558211865029719
238.0025 0.0025393820706748477
239.0065 0.0025216785807820608
240.0195 0.002503251829114747
241.0035 0.0024846791339118712
242.0175 0.0024669216791756987
243.0105 0.0024472821969508257
244.0055 0.002428093691336619
245.0035 0.0024085542479879013
246.0155 0.0023886910330927907
246.9975 0.002369208663770092
248.001 0.002349628572529211
249.013 0.0023295039397855377
250.008 0.0023094678930870027
251.006 0.0022899643704913236
252.009 0.002269909484883481
253.0095 0.0022493244989660183
254.015 0.0022289311538440937
255.0045 0.0022084278429343324
256.0055 0.0021866545269033505
257.014 0.0021645236706501897
257.9955 0.002143437437247958
258.999 0.0021237661737262548
260.0065 0.0021012595968748216
261.0 0.002079814282935119
262.0015 0.0020584872076937627
263.0075 0.0020357764253923077
263.999 0.0020150445517200244
265.005 0.0019927701557944516
266.01 0.001971563864632528
267.002 0.0019497501105653486
268.0125 0.0019279592333635576
269.0 0.0019053082813661054
270.0155 0.0018827897075475997
271.0115 0.0018598316204159054
271.996 0.0018374396101017293
273.005 0.001814401844816932
274.003 0.001790889560479375
275.018 0.0017677593908907302
276.0085 0.0017445408822051867
277.0075 0.0017213583406647803
278.001 0.0016986807193208192
279.006 0.0016753613975359766
280.0095 0.0016514898896450442
281.0055 0.0016277251654948505
282.001 0.0016041823484350404
283.0 0.0015797606988821322
284.007 0.001555119880964656
285.002 0.001531867842348017
286.0045 0.001507883995473136
286.997 0.001483466439515635
288.006 0.0014588669148934558
289.0 0.0014342677376782964
290.0065 0.0014104459193858138
291.0025 0.001386685277617511
292.0155 0.0013629586283457895
292.998 0.001339491390436584
294.0 0.001315426006994025
295.0105 0.00129256505529457
295.998 0.0012671523242656219
297.0145 0.001243432880683723
298.0125 0.001219073495918016
299.0035 0.0011942188135523335
300.0205 0.0011690521744675691
301.0095 0.001144162082636034
302.0055 0.0011194554398707354
303.0135 0.0010941980011470245
304.0115 0.0010701764915657802
304.9995 0.0010459752782321363
306.026 0.0010214004848986824
307.0125 0.0009968975948397504
308.007 0.0009720760715265786
309.0155 0.0009468661228617045
310.018 0.0009223019491855916
310.9995 0.000897721663897802
312.0255 0.000872608134892143
313.013 0.0008471257634308921
313.996 0.0008218787635364683
315.0235 0.0007974490046020952
316.0165 0.0007731947052601329
317.0025 0.0007474991361589023
318.023 0.0007234232974418012
319.0045 0.0006981486149961746
320.0215 0.00067322020764813
320.9975 0.0006479638885270173
322.0185 0.0006228642720412236
323.005 0.0005983491866907997
324.015 0.0005736997669315014
325.0035 0.0005491141671619994
326.021 0.0005246270330625143
327.011 0.0005000970633093765
328.0035 0.00047601227381113137
329.006 0.00045215969750083546
329.998 0.00042806913667934113
331.0145 0.00040316594866559793
332.004 0.00037918714578013754
333.016 0.0003547449537919453
334.002 0.0003300897982570078
335.018 0.0003061374927577458
336.005 0.00028203003966311563
337.008 0.00025781775453523684
337.9975 0.00023397298346858678
339.0205 0.00021043456078488447
340.006 0.00018639696163523858
340.9995 0.00016259396564053882
342.0205 0.00013855440404099938
343.011 0.00011442564891618254
344.001 9.111803922676534e-05
345.021 6.785851527456137e-05
346.0045 4.428176962701768e-05
347.015 2.2330431447483085e-05
347.9995 2.168404344971009e-19
