!---------------------------------------------------------------------------------
!SCANNED AXIS: Motor5
!KIND OF MOVEMENT: Absolute
!START POSITION: 48.0130 mm
!STOP POSITION: 348.0025 mm
!NUMBER OF STEPS: 300
!STEP VALUE: 1.0 mm
!SCAN TIME: 0.1 s
!---------------------------------------------------------------------------------

48.0130 -0.0017890517042294597    -837.8    -299.4
49.0055 -0.0017770004745299535    -830.7    -296.3
49.9995 -0.0017655408085894548    -824.0    -294.1
51.0100 -0.001753114237014934    -816.8    -292.7
52.0110 -0.001740252872384717    -809.3    -291.2
53.0005 -0.0017296302545582517    -803.0    -289.3
54.0210 -0.0017163288825698298    -795.3    -286.9
55.0145 -0.0017043630337967507    -788.3    -288.2
56.0075 -0.001692468186462136    -781.3    -288.0
57.0170 -0.0016795756820721691    -773.8    -287.4
57.9970 -0.0016670546303816265    -766.5    -287.0
59.0015 -0.0016554468548948419    -759.7    -284.4
60.0170 -0.0016429283023193125    -752.4    -284.1
60.9970 -0.0016316869736099219    -745.8    -283.5
62.0030 -0.0016191493690990123    -738.5    -280.7
63.0170 -0.0016071109959970608    -731.4    -279.3
64.0005 -0.001595183555695119    -724.4    -278.1
65.0045 -0.001583253810314588    -717.5    -275.9
66.0215 -0.0015716338864428228    -710.7    -273.8
67.0030 -0.0015590547176926965    -703.3    -273.4
68.0130 -0.001546909658936702    -696.2    -271.2
69.0275 -0.0015353253874419394    -689.5    -269.5
70.0215 -0.0015244004502431839    -683.1    -268.0
71.0040 -0.0015129231010913755    -676.4    -266.7
72.0185 -0.0015001223872635704    -668.9    -264.4
73.0210 -0.0014881440468144948    -661.9    -262.5
74.0095 -0.0014759349133205012    -654.7    -261.3
75.0065 -0.0014646486535238854    -648.1    -260.8
75.9955 -0.001453338343984047    -641.5    -260.0
77.0175 -0.0014410530354262761    -634.3    -258.9
78.0025 -0.0014287620815265321    -627.2    -258.6
79.0260 -0.0014168741143392222    -620.2    -256.4
80.0165 -0.0014057158786202222    -613.7    -255.0
81.0010 -0.0013943933179033539    -607.1    -253.9
82.0070 -0.0013819115488606347    -599.8    -252.1
83.0110 -0.0013704711549562992    -593.1    -251.2
84.0020 -0.0013582146976435828    -585.9    -249.9
85.0080 -0.0013472580483691854    -579.5    -247.4
86.0115 -0.0013351420518752915    -572.4    -245.9
86.9995 -0.0013239097541726487    -565.9    -244.9
88.0125 -0.0013118506048998408    -558.8    -241.8
89.0145 -0.0013001628197141335    -552.0    -240.9
89.9995 -0.0012894735432976653    -545.7    -240.4
91.0140 -0.0012762018192135685    -538.0    -237.9
91.9990 -0.001265493515962451    -531.7    -237.0
93.0260 -0.0012529767595606664    -524.4    -234.1
94.0085 -0.0012420208313762737    -518.0    -233.3
95.0055 -0.001230010494516775    -511.0    -232.2
96.0285 -0.0012179602884154772    -503.9    -229.2
97.0175 -0.0012071726738214449    -497.6    -228.4
97.9970 -0.0011958462358517819    -491.0    -227.6
99.0225 -0.0011839097612035942    -484.0    -225.7
100.0115 -0.0011724022097994525    -477.3    -225.9
101.0115 -0.0011603724156771839    -470.3    -225.3
102.0045 -0.0011492607758726602    -463.8    -224.1
103.0310 -0.0011371765490090933    -456.7    -222.7
104.0190 -0.0011259695954516748    -450.1    -222.7
105.0030 -0.0011142454521564026    -443.3    -222.8
106.0180 -0.0011028149356894638    -436.6    -220.6
107.0045 -0.0010916424892028738    -430.1    -219.4
108.0195 -0.0010793941104647856    -422.9    -216.7
109.0075 -0.001068330405922298    -416.4    -215.6
109.9955 -0.0010572739949239209    -410.0    -214.4
111.0235 -0.0010460250680835756    -403.4    -211.6
112.0290 -0.0010343520600852511    -396.6    -210.5
113.0195 -0.0010224571807751657    -389.6    -209.0
113.9980 -0.0010111874626322886    -383.0    -208.2
115.0245 -0.0010003885080631806    -376.7    -205.4
116.0090 -9.884411515606807E-4    -369.7    -204.6
117.0075 -9.776016187008321E-4    -363.4    -204.0
118.0065 -9.661056054813914E-4    -356.7    -202.2
119.0075 -9.541873146689168E-4    -349.7    -200.3
120.0065 -9.425897311636988E-4    -342.9    -199.3
121.0070 -9.310572268064522E-4    -336.2    -198.7
122.0090 -9.20037835938999E-4    -329.8    -197.6
123.0075 -9.080514862336866E-4    -322.7    -197.2
124.0120 -8.96892436214337E-4    -316.2    -195.4
125.0035 -8.859809152565708E-4    -309.8    -195.1
126.0245 -8.739679802171795E-4    -302.8    -193.4
127.0255 -8.624602123225043E-4    -296.1    -192.4
128.0120 -8.512274831467403E-4    -289.5    -191.7
129.0070 -8.411162938792585E-4    -283.6    -190.4
130.0190 -8.295781300409686E-4    -276.9    -188.3
131.0015 -8.177103149865726E-4    -269.9    -187.5
132.0295 -8.06478879465176E-4    -263.4    -184.6
133.0210 -7.961547465965849E-4    -257.3    -183.1
134.0070 -7.842845103547195E-4    -250.4    -182.2
134.9960 -7.730705099292701E-4    -243.8    -181.4
136.0125 -7.615541898016259E-4    -237.1    -179.3
137.0215 -7.503980938483887E-4    -230.6    -177.7
138.0135 -7.390803008581468E-4    -224.0    -176.3
139.0030 -7.270665746686055E-4    -216.9    -175.6
140.0235 -7.163473904529152E-4    -210.7    -172.7
141.0120 -7.051724709420999E-4    -204.1    -170.8
141.9955 -6.942702363451408E-4    -197.8    -169.8
143.0305 -6.825235366206076E-4    -190.9    -167.7
144.0150 -6.716782337670082E-4    -184.6    -167.2
144.9985 -6.610177907773534E-4    -178.3    -166.2
146.0235 -6.487393682304565E-4    -171.2    -164.8
147.0100 -6.375904464622638E-4    -164.6    -164.1
147.9950 -6.273359714939685E-4    -158.6    -163.6
149.0065 -6.157104521677147E-4    -151.8    -162.1
150.0215 -6.040228988431738E-4    -145.0    -161.2
151.0065 -5.931385591216833E-4    -138.6    -159.8
152.0040 -5.819983419213413E-4    -132.1    -158.7
153.0255 -5.715086592625521E-4    -126.0    -155.6
154.0115 -5.601941617643166E-4    -119.4    -154.5
155.0035 -5.488376710506312E-4    -112.8    -153.4
156.0125 -5.37586461941211E-4    -106.2    -151.2
157.0205 -5.260044730471243E-4     -99.4    -149.5
158.0055 -5.158425568915053E-4     -93.5    -148.5
159.0015 -5.051711152434654E-4     -87.2    -147.5
160.0110 -4.93548080789758E-4     -80.4    -144.9
161.0160 -4.824393545264509E-4     -73.9    -143.3
161.9985 -4.711518108558137E-4     -67.3    -142.1
163.0275 -4.603181678016949E-4     -61.0    -139.9
164.0125 -4.493418652825142E-4     -54.6    -139.0
165.0050 -4.385443523934665E-4     -48.3    -139.5
166.0310 -4.266517130616901E-4     -41.3    -137.9
167.0235 -4.158356809421193E-4     -35.0    -136.9
168.0110 -4.051272560562053E-4     -28.7    -137.0
169.0035 -3.941117033988132E-4     -22.3    -136.1
170.0260 -3.835951416788474E-4     -16.1    -134.0
171.0265 -3.727868733156135E-4      -9.8    -133.0
172.0185 -3.612718215345107E-4      -3.1    -131.8
173.0070 -3.516090833071515E-4       2.5    -131.0
174.0050 -3.403381286426695E-4       9.1    -130.3
175.0310 -3.292950675170541E-4      15.6    -127.1
176.0270 -3.189001083984788E-4      21.7    -125.1
177.0145 -3.0742436833652723E-4      28.4    -125.4
177.9965 -2.9581059181308365E-4      35.2    -124.9
179.0340 -2.843982531733953E-4      41.8    -122.0
180.0220 -2.730482351105688E-4      48.5    -121.2
181.0070 -2.6207041190568544E-4      54.9    -120.0
182.0060 -2.51954990507412E-4      60.8    -118.9
183.0210 -2.4091838957394495E-4      67.3    -115.9
184.0230 -2.2953950273968496E-4      73.9    -114.5
185.0065 -2.192925881443577E-4      79.9    -113.0
186.0055 -2.0797651339121947E-4      86.5    -112.3
187.0310 -1.9686066279779227E-4      93.0    -110.9
188.0170 -1.8609443708144172E-4      99.3    -110.6
188.9990 -1.7584648602412834E-4     105.3    -110.3
190.0350 -1.6488630443103837E-4     111.7    -108.3
191.0220 -1.5426307843427974E-4     117.9    -108.1
192.0105 -1.439425580518967E-4     124.0    -107.7
193.0040 -1.3228804712517252E-4     130.8    -107.2
194.0285 -1.2159429848681623E-4     137.0    -105.1
195.0115 -1.1179807262478652E-4     142.7    -103.9
195.9970 -1.0096302982365731E-4     149.1    -103.6
197.0305 -9.043938684638519E-5     155.2    -100.9
198.0175 -7.833028843466805E-5     162.3     -99.3
199.0115 -6.77873078005832E-5     168.5     -98.1
200.0045 -5.738680198328821E-5     174.6     -97.2
201.0120 -4.717634380652687E-5     180.5     -94.6
202.0040 -3.5578265610369545E-5     187.3     -93.0
203.0295 -2.4750070722428366E-5     193.6     -90.6
204.0150 -1.5443488701203397E-5     199.1     -88.5
205.0005 -5.286304968976172E-6     205.0     -86.9
206.0175 6.3670439887115976E-6     211.8     -84.4
206.9960 1.745065541611239E-5     218.3     -83.7
208.0170 2.7986038159329937E-5     224.5     -81.4
209.0075 3.864066364197826E-5     230.7     -80.8
209.9975 4.889620285384585E-5     236.7     -80.8
211.0290 5.917458255096514E-5     242.7     -78.3
212.0175 7.112256254246484E-5     249.7     -78.5
213.0065 8.085639562637922E-5     255.4     -77.5
214.0050 9.28619534515096E-5     262.4     -77.1
215.0285 1.0230690338199718E-4     267.9     -75.4
216.0115 1.125233628302377E-4     273.9     -75.1
217.0025 1.2377511470332387E-4     280.5     -74.8
218.0295 1.3489164301097104E-4     287.0     -71.3
219.0085 1.4467022910370067E-4     292.7     -70.2
220.0075 1.547425471756172E-4     298.6     -69.1
220.9965 1.654103542343123E-4     304.8     -68.1
222.0290 1.7637178666723665E-4     311.2     -65.7
223.0100 1.872923977632366E-4     317.6     -64.1
224.0065 1.9749808292499128E-4     323.6     -62.9
225.0005 2.0777157685062262E-4     329.6     -62.2
226.0195 2.1814855228063628E-4     335.6     -60.1
227.0090 2.2736056830657088E-4     341.0     -58.5
228.0100 2.3920206478972859E-4     347.9     -56.9
229.0065 2.4935240644968684E-4     353.9     -55.0
230.0285 2.60397517187264E-4     360.3     -52.5
231.0130 2.7011921906248525E-4     366.0     -52.9
232.0040 2.8108230490282276E-4     372.4     -53.1
233.0280 2.917060088342826E-4     378.6     -51.3
234.0180 3.027419864391256E-4     385.1     -51.7
235.0015 3.129790737816673E-4     391.1     -51.3
236.0220 3.229018717493307E-4     396.9     -49.7
237.0120 3.334072893438711E-4     403.0     -49.1
237.9970 3.4301955318426247E-4     408.6     -48.3
239.0290 3.5432741361911713E-4     415.2     -45.4
240.0140 3.644794636949882E-4     421.2     -45.1
240.9960 3.746959588138992E-4     427.1     -44.1
242.0255 3.856509883386993E-4     433.6     -41.6
243.0115 3.959347166508209E-4     439.6     -40.2
244.0080 4.058386585936325E-4     445.4     -39.0
245.0010 4.153277018298958E-4     450.9     -37.1
246.0165 4.268184396789734E-4     457.6     -34.4
246.9975 4.3692145470064584E-4     463.5     -33.9
248.0320 4.4769619497621354E-4     469.8     -31.4
249.0235 4.575084489787764E-4     475.6     -30.1
250.0105 4.680750793885443E-4     481.7     -28.7
251.0055 4.781719531663087E-4     487.6     -27.8
252.0325 4.889333576655146E-4     493.9     -25.8
253.0180 4.988523541942861E-4     499.7     -26.3
253.9980 5.091967163269055E-4     505.8     -26.2
255.0270 5.199508626208829E-4     512.1     -24.5
256.0170 5.298229958322962E-4     517.8     -24.1
257.0025 5.406096437924517E-4     524.1     -24.3
258.0215 5.507669039411228E-4     530.1     -23.3
259.0120 5.604471166450458E-4     535.7     -22.0
260.0095 5.706823319627019E-4     541.7     -21.1
260.9995 5.802031569044421E-4     547.3     -19.6
262.0175 5.915287660243961E-4     553.9     -17.4
263.0000 6.019546694529638E-4     560.0     -15.8
264.0200 6.116329895336997E-4     565.7     -11.9
265.0020 6.21482546565519E-4     571.4     -10.9
266.0195 6.326020187847881E-4     577.9      -8.3
267.0100 6.423315204895759E-4     583.6      -6.9
268.0025 6.525764957879323E-4     589.6      -5.6
269.0300 6.620675380017878E-4     595.1      -3.1
270.0205 6.734261144843808E-4     601.8      -1.5
271.0085 6.831245962292656E-4     607.5      -0.4
272.0070 6.933581974230128E-4     613.4       1.0
273.0005 7.029957345152356E-4     619.1       2.3
274.0120 7.133451486282222E-4     625.1       3.2
274.9995 7.232351380341618E-4     630.9       3.0
276.0240 7.340210330627032E-4     637.2       5.0
277.0130 7.445201328398376E-4     643.3       4.9
278.0030 7.546047924587072E-4     649.2       4.4
279.0270 7.647644202275601E-4     655.2       6.2
280.0105 7.743015222160009E-4     660.8       7.1
281.0020 7.842388663448753E-4     666.6       7.9
282.0265 7.947425682679724E-4     672.7      11.1
283.0145 8.038428696839625E-4     678.0      11.6
283.9990 8.137214701667705E-4     683.8      12.8
285.0205 8.244899089518647E-4     690.1      15.0
286.0030 8.34915885736332E-4     696.2      15.2
287.0230 8.451844711164417E-4     702.2      16.9
288.0120 8.543008785887352E-4     707.5      18.0
289.0005 8.651007709607536E-4     713.8      19.8
290.0260 8.750266759621072E-4     719.6      22.5
291.0150 8.841622559634555E-4     725.0      24.1
291.9995 8.952831470618026E-4     731.5      24.2
293.0250 9.060857870475695E-4     737.8      26.4
294.0125 9.150406774927237E-4     743.0      27.8
295.0005 9.239591006679291E-4     748.2      28.3
296.0290 9.343416400575121E-4     754.3      29.7
297.0260 9.456815828862613E-4     760.9      30.0
298.0125 9.542915315029109E-4     766.0      30.5
298.9955 9.651474455792734E-4     772.3      30.4
300.0260 9.747568876292746E-4     777.9      31.7
301.0095 9.85357299287242E-4     784.1      31.5
302.0065 9.945788354777624E-4     789.5      32.2
303.0340 0.0010052813246682975     795.8      35.0
304.0170 0.0010150763387503136     801.5      35.4
305.0040 0.0010249400235254871     807.3      36.2
306.0170 0.0010344330739496153     812.8      38.9
306.9975 0.001044405604122158     818.7      39.7
308.0215 0.0010544324463567006     824.5      42.0
309.0070 0.001063438008406338     829.8      43.6
309.9965 0.0010733474801752762     835.6      44.9
311.0275 0.0010838699103118286     841.7      47.0
312.0135 0.0010937352646620837     847.5      48.5
312.9960 0.0011036285015333324     853.3      49.5
314.0235 0.0011140928214417919     859.4      52.0
315.0115 0.0011234911456600998     864.9      53.1
316.0010 0.0011336059012374646     870.8      53.5
317.0200 0.0011430225154208157     876.3      55.9
318.0075 0.0011525133897210208     881.9      54.9
318.9975 0.001162503397758419     887.7      54.9
320.0100 0.0011719472892906188     893.2      56.2
321.0070 0.001181608544749791     898.9      57.2
321.9965 0.001191141754252674     904.4      57.5
323.0210 0.0012017183584691153     910.6      59.5
324.0110 0.0012110366019157028     916.1      60.4
325.0045 0.0012212201496906998     922.0      62.0
326.0210 0.001230071483466253     927.2      64.4
327.0015 0.0012403213429888333     933.2      65.4
328.0000 0.001249932178579125     938.8      67.1
329.0110 0.0012595120398844878     944.4      69.3
329.9975 0.0012696855344529836     950.4      70.4
331.0195 0.001279395766784561     956.0      72.7
332.0025 0.001288910079675531     961.6      73.2
333.0100 0.0012975345965128963     966.6      75.4
334.0045 0.0013074672300356872     972.4      76.4
335.0020 0.0013175068043509387     978.3      78.2
336.0070 0.0013280123243160314     984.5      80.2
337.0055 0.0013368834594757585     989.6      81.0
338.0300 0.0013469933550420091     995.6      83.5
339.0135 0.0013561297916394638    1000.9      84.3
339.9980 0.0013648434658459887    1006.0      85.3
341.0150 0.0013751649774889011    1012.0      86.0
342.0000 0.001384945959435273    1017.7      85.9
343.0095 0.001394405588931287    1023.3      87.0
343.9990 0.001403767974605394    1028.7      87.7
345.0165 0.0014138854537147983    1034.7      89.4
346.0030 0.0014234760493213572    1040.3      88.6
347.0105 0.0014330038530126845    1045.8      90.0
348.0025 0.0014430578955331496    1051.7      90.6
