47.996 0.0
48.998 -0.0015946850486116106
50.0055 -0.003179704905060078
51.0025 -0.004751412424685692
52.0035 -0.006311545931267282
53.0005 -0.007860317817369525
54.002 -0.00939742096785865
55.0075 -0.010923112234467134
56.007 -0.01243668909771281
57.002 -0.0139384774801233
57.999 -0.015428970710427493
59.0 -0.01690771191113276
60.0015 -0.018374705971813263
61.001 -0.01983024560790164
62.0 -0.0212748322647906
63.0005 -0.022707809424831363
64.0 -0.0241290747044964
65.004 -0.025539146893981606
66.0015 -0.026937203470948114
67.012 -0.028324080957254843
67.998 -0.029699175661254
69.0015 -0.03106264093126795
70.0025 -0.032414644813683335
70.9995 -0.03375516806019618
72.0005 -0.035084459129237223
72.9995 -0.036402767274292654
73.9955 -0.03770960516395233
75.0005 -0.039004844468865714
76.001 -0.04028934978292896
76.998 -0.04156246372493915
77.997 -0.04282446213457512
78.998 -0.04407436263230124
80.0055 -0.04531359259432379
80.9995 -0.04654142780865923
82.0005 -0.04775747711573368
83.004 -0.048962441437751136
83.999 -0.05015583950169858
85.002 -0.0513382017561329
85.9965 -0.05250960131454707
86.9995 -0.05367002588870528
88.0025 -0.05481980646249928
89.003 -0.05595753141022617
89.999 -0.0570850878399861
91.0005 -0.05820138101410667
91.998 -0.05930634122308352
93.0015 -0.060400147533124775
94.001 -0.06148228845154636
95.0035 -0.06255459942621226
96.0025 -0.06361441957998067
97.003 -0.0646634644778286
98.002 -0.06570105292090563
98.9995 -0.0667277052593501
100.004 -0.06774352308270651
101.0005 -0.06874796374899102
102.004 -0.06974128795450132
102.9975 -0.0707238498967739
103.998 -0.07169556653643931
105.0095 -0.07265634737960446
106.008 -0.07360526042770091
106.9985 -0.07454394566160086
107.9995 -0.07547075617834356
109.0005 -0.07638614863758322
110.0 -0.07729131576360063
111.0035 -0.07818559550255409
111.997 -0.07906809146020191
112.999 -0.07994039245001719
114.0095 -0.08080138277668962
115.0015 -0.08165145669196414
115.998 -0.08249039075026628
117.0005 -0.08331915307636345
118.0035 -0.08413668170455973
119.0025 -0.08494337589613826
120.0045 -0.0857400101122317
120.999 -0.08652489428393884
122.0005 -0.08729841008613724
123.004 -0.08806173787831009
124.0065 -0.08881447423272434
125.005 -0.08955622636704773
126.0115 -0.09028616924126512
127.0055 -0.09100629972604642
128.0055 -0.09171552681373654
129.003 -0.09241505534625516
130.011 -0.09310277621462165
130.9965 -0.09377941021467558
132.005 -0.09444540062514399
133.004 -0.09510096013189373
134.0 -0.0957445468507869
135.0055 -0.09637802916810499
135.999 -0.09700109294513566
137.0185 -0.09761321700419542
137.9995 -0.09821431667701426
139.0 -0.09880461803869865
140.005 -0.0993838453100031
141.0115 -0.09995228611874972
142.005 -0.10051038925273961
143.0155 -0.10105815633562379
144.001 -0.10159543756272181
145.002 -0.10212222678040701
145.9965 -0.10263785679206974
147.002 -0.10314309393677644
148.002 -0.10363785037512514
149.0005 -0.10412280867041025
150.0015 -0.10459621414033685
150.999 -0.10505931777325703
152.0045 -0.10551100919458495
153.0125 -0.10595253990434135
153.998 -0.1063835464490925
154.999 -0.10680386127063232
156.0005 -0.10721411278176246
157.0015 -0.10761282388234034
157.9995 -0.10800096131649055
159.0085 -0.10837904092332491
160.0065 -0.10874647857386319
161.005 -0.1091023542639871
162.002 -0.10944841692176877
163.0 -0.10978371779069737
163.9995 -0.11010966112742478
165.002 -0.1104243131210812
166.003 -0.11072880126345984
167.0115 -0.11102199982639169
167.9975 -0.11130524123831877
169.0 -0.11157798320238914
170.001 -0.1118404015366805
171.004 -0.112092655534799
172.0015 -0.11233409174985712
173.0155 -0.11256487731967864
174.001 -0.11278460076349725
175.0015 -0.11299451704853845
176.0005 -0.11319445548679256
176.999 -0.11338373640283442
178.008 -0.1135626218598054
178.996 -0.11373060266882568
180.0025 -0.11388854364829994
181.007 -0.11403641773585727
181.995 -0.11417361437943434
183.0045 -0.11430041590852862
184.0075 -0.11441725831302671
184.996 -0.11452397454648292
185.9995 -0.11462037691798856
187.0055 -0.11470613519408994
188.0005 -0.1147808332413602
189.0175 -0.11484515861534453
190.009 -0.11490084220065866
191.0005 -0.11494681407310585
192.0195 -0.11498274968989712
193.003 -0.115007142183416
194.0205 -0.1150203892052074
195.0005 -0.11502495470589015
196.0195 -0.11501967807102552
197.0025 -0.1150028481294626
198.02 -0.11497562617960405
199.0075 -0.11493782646106528
200.0005 -0.11489042279538043
201.0035 -0.1148339762682817
202.0125 -0.11476678986938858
202.999 -0.11468870353937406
204.0155 -0.1146012410669167
205.0025 -0.11450386815548698
206.0165 -0.11439568583003856
207.002 -0.11427721759215065
208.0215 -0.11414858168228365
209.0065 -0.11400978197988053
210.0005 -0.1138616883967735
211.0005 -0.11370344793984008
212.011 -0.11353474100391345
213.006 -0.11335505043663012
214.014 -0.11316697640611194
215.0025 -0.11296796619887402
216.0035 -0.11275872313808251
217.0145 -0.11253971700299453
218.0045 -0.1123101982660246
219.02 -0.11207027236641981
220.005 -0.111820225097733
221.015 -0.11156080331709517
222.0005 -0.11129151539389259
223.0115 -0.1110114920646887
224.004 -0.11072127774672352
225.021 -0.11042190483417642
226.0055 -0.11011284140214722
226.999 -0.1097936406624182
228.0235 -0.10946477729902043
229.006 -0.10912502650598395
229.996 -0.10877595505058736
231.0055 -0.10841738106044863
232.014 -0.10804856884685783
233.0065 -0.10766913926913917
234.02 -0.107279730471
235.0155 -0.1068806542274425
236.01 -0.10647218850676723
237.0105 -0.10605404399494121
238.0095 -0.10562550220647905
239.003 -0.10518678489289833
240.014 -0.10473707484206254
241.019 -0.10427849151093771
242.0005 -0.10381023477421737
243.0005 -0.10333193051039401
244.018 -0.10284391578055359
245.004 -0.10234673929886728
246.024 -0.10184005720167139
247.014 -0.1013229330827197
248.0 -0.10079567298744325
249.005 -0.10025874653254384
250.0125 -0.09971168432106739
251.001 -0.09915537557683068
252.0145 -0.09858847236847909
253.002 -0.09801166785699005
254.021 -0.0974254719238058
255.0085 -0.09682934992633105
256.004 -0.09622447275559537
257.0065 -0.09560930505346829
258.0145 -0.09498476875877193
258.9995 -0.09434988629814138
260.0225 -0.09370576073227761
261.0055 -0.09305336769896062
262.0075 -0.09238963097554002
263.0015 -0.09171709860365307
264.018 -0.0910347068353086
265.0085 -0.09034195214811916
266.003 -0.08964021398488206
267.0095 -0.08892912325969414
268.0045 -0.08820830869530606
269.008 -0.08747735059205272
270.001 -0.08673739285319883
271.0185 -0.0859875864427576
272.0015 -0.085228317773579
273.0025 -0.0844594556792403
274.001 -0.08368122517253043
275.0195 -0.08289245715148477
276.006 -0.08209440654951869
276.995 -0.08128701416399807
278.0195 -0.0804697089762623
279.006 -0.07964280920382899
280.007 -0.07880591947577884
280.997 -0.0779601657575367
282.0195 -0.07710510343421655
283.006 -0.07624105742151902
284.0035 -0.07536705426484794
285.0035 -0.074483584892883
286.009 -0.07359094734320594
287.0075 -0.07268841555497495
288.004 -0.07177677831584768
289.0165 -0.07085505930412297
290.009 -0.06992465296931037
291.005 -0.06898416286628806
292.008 -0.06803412917362145
293.013 -0.0670742374397484
293.9965 -0.06610492376892682
295.0265 -0.06512661313124767
296.009 -0.06413925104176196
297.0065 -0.06314148482728035
298.027 -0.06213443512231538
299.0055 -0.06111838181004691
299.9985 -0.060093164720770996
301.029 -0.05905930714115107
302.0225 -0.05801575775176179
303.0065 -0.05696204717281726
303.996 -0.05589936823363322
305.023 -0.05482717902388673
306.007 -0.05374615257205621
307.007 -0.05265597402390126
308.003 -0.051556349452409944
309.026 -0.05044736760391007
310.014 -0.049328949385942684
311.0 -0.04820117927948833
312.012 -0.04706435871468553
313.0095 -0.04591774615931471
314.0055 -0.04476199134137656
315.0155 -0.04359712632841694
316.0005 -0.04242263977072892
317.0065 -0.04123872603331175
318.0075 -0.04004549329065547
319.0 -0.03884396232583368
320.012 -0.037633578083558626
321.003 -0.036412333836409724
322.0205 -0.0351822947748279
323.005 -0.0339423993785527
324.0195 -0.032693684598198214
325.0065 -0.031436559014933134
325.999 -0.03017056964817889
327.013 -0.028895497920288532
328.0025 -0.02761103800882627
329.0155 -0.026317433316703446
330.0005 -0.02501470348047184
331.022 -0.023702416857196144
332.0105 -0.02238027866634381
332.997 -0.02104933627532561
334.023 -0.01970942850700051
335.006 -0.018361321983977014
336.0065 -0.01700272735701047
337.0215 -0.015635497352273223
337.9995 -0.014259172468583225
339.0055 -0.012873714616365932
340.0135 -0.011479673844595886
341.0 -0.01007660342166789
342.0105 -0.0086647837177129
342.9975 -0.007243815249131157
344.017 -0.005812725004334516
345.003 -0.00437284501570217
346.013 -0.0029240019618236553
347.0045 -0.0014664321283722806
348.0015 0.0
