48.004 0.0
48.9995 -0.001577986671817834
50.001 -0.0031450783198880695
50.9995 -0.004700181871178658
51.9985 -0.006243615675939912
53.0035 -0.007775382353512178
54.001 -0.009295811858605767
55.012 -0.010804557141782191
56.001 -0.012301807894332136
57.0135 -0.013787355048877414
58.0005 -0.015261478033903104
59.0 -0.01672432157253975
59.9985 -0.018175928339722362
61.008 -0.019616042496559752
62.0055 -0.021044661023892013
63.0065 -0.02246211733281709
64.006 -0.023868323536722455
65.003 -0.025262617333275568
66.0045 -0.026646046722916553
67.004 -0.028017726677455584
68.007 -0.029378384957328973
69.001 -0.030727690926659914
69.997 -0.03206582691467042
71.0085 -0.033392169954841074
72.006 -0.03470677994356115
73.0005 -0.03601076951825878
73.9995 -0.03730337383882664
75.0 -0.038584924931801344
75.998 -0.039855473729496424
77.001 -0.04111472515490305
78.0015 -0.04236220681281747
78.9995 -0.04359842672146835
80.0005 -0.04482457857927166
81.0005 -0.04603861829358806
82.0055 -0.04724163222707175
83.004 -0.048434036094913306
83.999 -0.0496146716493016
84.9995 -0.05078442533967074
85.9985 -0.0519429706910143
87.003 -0.05309073671092306
87.9985 -0.05422731622953438
89.005 -0.05535273580613615
89.9985 -0.05646738587003103
91.0005 -0.057571668926848896
91.9995 -0.05866383633139695
92.9965 -0.059745485458257246
94.0025 -0.06081662720359836
95.0055 -0.06187634736641519
96.0 -0.06292440631722523
97.007 -0.06396153627933916
97.9955 -0.0649881773307922
99.0015 -0.06600384321596243
100.0065 -0.06700869942353939
101.0 -0.0680018005754547
102.0095 -0.06898441369258623
102.9995 -0.06995652404300114
104.0115 -0.07091834451368198
105.0035 -0.07186855150415598
106.004 -0.07280785810990145
107.0105 -0.07373557921685447
108.0075 -0.07465273723101273
109.0175 -0.0755588572206078
110.003 -0.07645448771191184
111.001 -0.07733866767342655
112.007 -0.07821202126759236
112.999 -0.07907503105905177
113.9985 -0.07992645366456452
115.0075 -0.08076729338256232
116.005 -0.08159716232488225
117.0055 -0.08241505196115675
117.995 -0.08322339086149454
119.001 -0.08402034699706037
120.0055 -0.08480725437281378
121.002 -0.08558339959617187
121.996 -0.08635037386612372
123.0 -0.0871052369631188
124.0015 -0.08785001371348225
125.0005 -0.08858366801090667
125.998 -0.08930649003293362
127.0055 -0.0900182909154422
128.0 -0.09071977710665101
129.0045 -0.09141009251447846
129.996 -0.09208986455374897
131.001 -0.09275946533100954
132.004 -0.09341729458240709
133.017 -0.09406550033172957
134.002 -0.09470259573866865
134.999 -0.09532881706261727
136.0025 -0.0959442575222415
137.0075 -0.09654981886434846
138.005 -0.09714400941114604
139.0075 -0.09772797767880995
140.0105 -0.0983011547236413
140.9975 -0.09886358462619185
142.0005 -0.09941449141177332
143.007 -0.09995558563931614
144.0005 -0.10048667033922416
145.0045 -0.1010073006133261
146.0125 -0.10151733690923495
147.012 -0.1020166793050246
148.01 -0.10250555967249278
149.0075 -0.1029838652791411
150.0 -0.10345168768279235
151.014 -0.10390988598880084
152.005 -0.10435655707066678
153.0 -0.10479301688671254
154.0025 -0.10521902764899424
154.998 -0.10563437523377554
156.0015 -0.10603918152641362
157.0 -0.1064338787819338
158.0035 -0.1068180306777082
158.9995 -0.10719243968143466
160.0065 -0.107555266478256
160.9995 -0.10790798328665031
162.004 -0.1082502599801317
163.011 -0.10858194548919048
164.005 -0.10890362503903703
165.0145 -0.10921419834152621
166.006 -0.10951413757499621
166.9955 -0.10980446563700583
167.9975 -0.11008392418682467
169.0045 -0.11035346849877696
170.003 -0.11061273404256917
171.004 -0.11086131280321655
172.0155 -0.1110996319667299
172.9955 -0.11132742713243118
174.0 -0.11154619323278361
175.0 -0.11175447331265888
176.001 -0.11195170635353532
177.0005 -0.11213912619676379
178.0025 -0.11231593212973964
179.003 -0.11248184701200414
180.001 -0.11263780863264
180.9995 -0.11278433519701604
182.012 -0.11291973230294003
183.006 -0.11304449887712698
184.0065 -0.11316010300097866
185.0015 -0.11326531313541327
186.0045 -0.11336009053201682
187.005 -0.11344411979660471
188.0085 -0.11351797937011951
188.9955 -0.11358260363721091
190.0045 -0.11363760008127033
191.009 -0.11368196183951483
192.006 -0.1137156827994373
193.0005 -0.1137385585539869
194.0085 -0.1137512600694564
195.007 -0.11375501479351151
196.014 -0.11374894961435965
196.999 -0.11373207830330032
198.005 -0.11370552883989961
199.01 -0.11366856166580862
200.0075 -0.11362169644956172
201.002 -0.11356485914388717
202.0105 -0.11349851432031652
203.0075 -0.11342160249021767
204.014 -0.11333441887741443
204.998 -0.11323710265065255
206.008 -0.11312948185780095
207.0105 -0.11301125366541982
208.0105 -0.11288320682067977
208.9995 -0.1127460043986551
210.025 -0.11259924769803677
211.0045 -0.11244252935407714
212.0205 -0.1122750639060913
213.004 -0.1120978800864999
214.022 -0.11191057328257105
215.011 -0.11171306607874736
216.0095 -0.11150645992163488
217.003 -0.11128971784419887
218.0235 -0.11106227702103903
219.0145 -0.11082519017969596
219.9975 -0.11057899758014117
221.002 -0.11032237887957956
222.0195 -0.11005557184545213
223.006 -0.10977862376503991
224.004 -0.10949165380076556
225.0155 -0.1091949937154
226.0065 -0.10888886432102661
226.998 -0.10857269427909057
228.0155 -0.1082465532686334
229.0075 -0.10791022574173634
230.0105 -0.1075642380569768
230.998 -0.10720876330521756
232.0205 -0.1068435467849351
233.006 -0.1064683755952944
234.0045 -0.10608421563840484
235.018 -0.10568954631158159
236.004 -0.10528526664047844
237.0185 -0.10487065989725015
237.9995 -0.10444819515287804
239.013 -0.10401499019155579
239.998 -0.10357154699223607
241.0195 -0.10311777193157193
242.005 -0.10265506678930136
243.021 -0.10218127105601807
244.0085 -0.10169877466692405
245.0065 -0.10120634909775461
246.015 -0.1007044249450375
247.002 -0.10019273925484383
248.019 -0.09967183101768755
249.0105 -0.09914073651827013
250.0075 -0.09860076617439707
250.9975 -0.09805054034860168
252.0205 -0.09749049985703515
253.005 -0.09692204770375364
254.0135 -0.09634286893505471
255.0025 -0.09575403921089536
256.0215 -0.09515592789841243
257.006 -0.09454742078588377
257.999 -0.093929486900398
259.006 -0.09330115682246193
260.0145 -0.0926640469969077
260.9965 -0.09201775492206403
262.005 -0.09136160207852861
263.0155 -0.09069555653588632
264.0005 -0.09002039093716914
265.013 -0.0893362946257471
266.01 -0.08864221832315342
267.01 -0.08793829124644433
268.001 -0.0872245168966137
269.02 -0.08650070159223357
270.005 -0.08576870637719505
271.0195 -0.08502683358643612
272.0015 -0.08427628728770727
273.0205 -0.08351541357241064
274.008 -0.08274547132105067
275.01 -0.08196562960812342
276.0005 -0.08117672776602218
277.003 -0.08037811069615558
278.0085 -0.07957037166867656
278.9975 -0.07875216788144447
279.999 -0.0779256388306486
281.006 -0.07708895924403303
282.0 -0.076242723154755
283.0095 -0.07538781058124812
284.014 -0.07452372773987917
285.0 -0.07364960364729925
286.009 -0.07276637820474392
287.0005 -0.07187386638068304
288.015 -0.0709722903702895
289.0155 -0.07006143711871467
289.9975 -0.06914239427463038
291.0145 -0.06821259287423957
292.008 -0.06727361594972893
293.0 -0.06632472877954494
294.019 -0.06536676907560422
295.008 -0.06439960867716316
295.996 -0.06342328441881713
297.0025 -0.06243732956200246
298.0195 -0.06144168761434246
299.0035 -0.06043688998001637
300.009 -0.059423586210285824
301.002 -0.05839996281492061
302.0225 -0.057367871188476395
303.0145 -0.05632631082364555
304.0 -0.05527500931481032
305.019 -0.05421480458306367
306.0 -0.05314478768827437
307.0085 -0.05206760103450456
308.0065 -0.050979478176274975
309.0 -0.049882282078937336
310.02 -0.048776392030633275
311.005 -0.047661594007647065
312.0145 -0.04653746279549887
313.0045 -0.04540400372491016
314.012 -0.044261275922587474
315.0005 -0.043110315087312896
316.0155 -0.0419497252630652
317.0075 -0.04077929922311718
318.0115 -0.03960009349363542
318.9985 -0.03841165217217541
320.0285 -0.03721405856914968
321.012 -0.036007651773366636
322.0055 -0.03479198013070059
323.0225 -0.03356668877423573
324.0005 -0.03233229481078235
325.0165 -0.03108879092995844
326.0035 -0.029836228545887612
327.0235 -0.028575003104166243
328.0135 -0.027304354225284853
329.0055 -0.026024931975612297
330.027 -0.02473630809393821
331.0125 -0.023438570709874724
332.001 -0.022132167405120834
333.026 -0.02081691786663358
334.0165 -0.01949234133351173
334.9965 -0.018158882396893228
336.022 -0.016816162347281227
337.004 -0.015464163033625297
338.0175 -0.014103172890308335
339.0105 -0.012733123111671033
339.9965 -0.01135457744184328
341.0145 -0.009966855179788243
341.9985 -0.008570359257996825
343.021 -0.0071651413082540125
344.011 -0.005750190088959511
345.0005 -0.004326612028682475
346.011 -0.0028937465217540974
347.009 -0.0014510908145783025
348.001 2.168404344971009e-19
