48.005 0.0
49.008 -0.0015851439344994093
50.0055 -0.0031588595652911064
51.0035 -0.004720360250701712
51.9995 -0.006270286049832888
53.0 -0.007808448502292854
54.001 -0.009335018973626166
55.005 -0.01085003234652356
56.0005 -0.012353490192923495
57.0055 -0.0138448745064899
58.0015 -0.015324573275822642
59.0 -0.016792969806686295
60.0015 -0.01825003591259389
61.0025 -0.01969616375570776
62.004 -0.021130215730369214
63.002 -0.022553345300511337
63.996 -0.023964430371623657
64.9995 -0.025364244632121894
66.0045 -0.02675283141934027
67.001 -0.028129718943425027
67.998 -0.029495024212303676
69.001 -0.03084880160464766
70.0045 -0.03219130551616625
70.9985 -0.033522137943171756
72.0 -0.034842753380220595
73.0005 -0.03615145631939099
74.0025 -0.03744898280926898
75.001 -0.03873578416887367
76.006 -0.04001087519569122
76.9955 -0.041275072505611486
77.9985 -0.04252768267421044
79.0005 -0.04376845893792257
79.9985 -0.04499874520898634
81.0025 -0.04621756219360718
82.001 -0.047425684746955035
83.003 -0.048622464718170375
83.9965 -0.04980797128299833
85.0035 -0.050982497118531776
86.003 -0.05214539155498591
87.002 -0.05329763428379771
88.0005 -0.05443900475016203
89.0065 -0.05556862605686495
89.9995 -0.05668768058959811
91.004 -0.05779619998347869
92.0045 -0.05889249130335458
93.0005 -0.05997850720760227
94.0035 -0.061053260338226924
95.0 -0.06211729962086786
96.0035 -0.06317016558418598
96.999 -0.0642110939254917
97.9995 -0.06524156240429324
98.999 -0.06626096262065465
100.0015 -0.06726948515298788
101.002 -0.0682665660260206
102.004 -0.06925257815665033
103.009 -0.07022812701052016
104.007 -0.07119277007649068
105.002 -0.07214614669025311
106.005 -0.0730885969946053
106.9985 -0.0740199060288902
108.0195 -0.07494029486270969
108.998 -0.07585018799858198
110.0 -0.07674977876606996
111.004 -0.07763783994777185
112.017 -0.07851458983796945
113.007 -0.07938098494698742
113.9955 -0.08023623138259306
115.001 -0.08108094859882793
116.006 -0.08191438178531885
117.008 -0.08273677726488951
117.995 -0.08354877514719918
119.0035 -0.08434990948791145
120.001 -0.08514138823784063
121.0015 -0.08592114568942859
121.999 -0.08668971682271587
122.9985 -0.08744825183058075
123.9955 -0.08819604647451074
125.004 -0.0889327425473245
126.002 -0.08965911132672835
126.9985 -0.0903745333536315
128.0 -0.09107903549313912
129.002 -0.0917729855931315
130.0005 -0.09245604665664796
131.002 -0.09312736348505554
132.007 -0.09378808653963763
133.006 -0.09443838967535036
134.01 -0.09507827853746094
135.0055 -0.09570791229387363
136.0045 -0.09632623957157414
136.9995 -0.09693368345166979
138.008 -0.09753019956010683
138.9985 -0.09811580365740025
139.9995 -0.09869093403778656
141.0105 -0.09925523304788239
142.009 -0.09980932507586025
143.0065 -0.10035269843529088
144.0095 -0.10088628351017527
145.001 -0.10140826394281717
146.0045 -0.1019206177305963
147.0175 -0.10242189103692445
147.9975 -0.10291296449327283
148.9975 -0.10339380795039917
150.0105 -0.10386443992029686
151.0085 -0.1043241592424704
152.0145 -0.10477287325792835
153.0065 -0.10521109560741874
153.9995 -0.10563868591828988
154.9985 -0.10605632749145773
156.0015 -0.10646238919355736
157.0075 -0.10685856192025417
158.0 -0.1072445536570567
159.0035 -0.10761987735860283
160.008 -0.10798555352372233
161.001 -0.10834000968617064
162.002 -0.10868312023514479
163.009 -0.10901575126582233
163.9985 -0.10933823712868534
165.004 -0.10965062995512492
166.009 -0.10995238062992996
167.005 -0.11024408831851928
167.9995 -0.11052522305303641
169.0045 -0.1107949668251012
170.018 -0.11105442788532727
170.996 -0.11130328533874378
172.0035 -0.1115423457056482
173.01 -0.11177185386495807
174.0055 -0.11199116631906765
175.0005 -0.11220066357211009
176.0035 -0.1123988934786143
177.008 -0.11258689968856087
178.007 -0.1127645671264025
178.996 -0.11293190357207854
180.0105 -0.11308863390696515
181.002 -0.11323495756515675
182.016 -0.11337095446704777
183.01 -0.11349734826410277
184.006 -0.11361320118939608
185.0115 -0.11371918671906689
186.0065 -0.11381506668830926
187.007 -0.11390062196344802
188.014 -0.11397506996325156
189.0075 -0.11404036265550692
190.005 -0.11409548387906848
191.0045 -0.11414039191501674
192.0155 -0.1141751939112954
193.005 -0.1141988619031538
194.02 -0.11421231324649322
195.008 -0.11421589704922906
196.0085 -0.11420994034562632
197.004 -0.11419299283180685
198.021 -0.11416592266174402
199.0145 -0.11412918301744927
199.9995 -0.11408183617622823
201.0185 -0.1140246670488223
202.012 -0.1139576734787658
202.997 -0.11388002392485998
204.0145 -0.11379307991074482
205.012 -0.11369557145272667
206.0045 -0.1135879639449481
207.025 -0.11346946314540969
208.015 -0.11334121855622901
209.009 -0.11320254278491468
210.0185 -0.11305495794286761
211.014 -0.1128975068266735
212.007 -0.11272959074267752
213.027 -0.11255193732239076
214.0085 -0.11236324957511112
215.009 -0.1121648652805377
215.9995 -0.11195762687016331
217.027 -0.11173993135878481
218.014 -0.11151247144524937
219.006 -0.11127383253320083
220.011 -0.11102526078205273
221.019 -0.11076712135766709
222.002 -0.11049876358778146
223.0175 -0.11022006011974422
224.0125 -0.10993170587223923
225.0025 -0.10963360625430459
226.0125 -0.10932624427877562
227.0085 -0.10900891149311734
228.008 -0.10868126332732293
228.997 -0.10834326748202067
230.023 -0.10799577645606769
231.003 -0.10763867170889733
232.018 -0.1072715271209457
233.0065 -0.10689509288518155
233.999 -0.10650868193472
235.019 -0.10611168226554164
236.0025 -0.10570556203716219
237.018 -0.10529042796391817
238.0035 -0.10486443652988243
239.016 -0.10442872660434079
240.001 -0.10398347560209738
241.012 -0.10352887405570976
241.996 -0.1030643253110425
243.02 -0.10258995313932892
244.01 -0.1021058209676699
245.004 -0.10161165834785497
246.023 -0.101107536936656
247.0155 -0.10059401231139102
247.9955 -0.1000708624333703
249.022 -0.09953786422307381
250.008 -0.09899581332217983
251.01 -0.09844315904889343
251.9965 -0.09788124372030627
253.0235 -0.09730956735627126
254.0105 -0.0967282296490837
254.9985 -0.09613744498178073
256.022 -0.09553718854221162
257.0095 -0.09492707010217316
258.007 -0.09430712581398049
259.0105 -0.09367725796280645
259.997 -0.09303826062602673
261.025 -0.09238907603391651
262.0195 -0.09173111824131037
263.008 -0.0910631923364165
264.002 -0.09038624143487362
265.0285 -0.08969865463917445
266.011 -0.08900099472089644
267.0055 -0.08829436421457844
268.029 -0.08757860644943095
269.0095 -0.08685289828666282
270.01 -0.08611898157239209
271.0005 -0.08537412185107578
272.0195 -0.08461939079168201
273.0015 -0.08385596484101457
274.0215 -0.08308319174697858
275.0135 -0.08230094644557498
276.008 -0.08150911892293819
277.0215 -0.08070729045197746
278.015 -0.07989562264327012
279.008 -0.07907501254702502
280.0115 -0.07824478384407954
281.019 -0.07740498462747243
282.005 -0.07655603975754943
283.0205 -0.07569786041887594
284.0165 -0.07483050795187071
285.0035 -0.0739532044785859
286.0145 -0.0730674581211394
287.0065 -0.07217178513174911
287.9965 -0.07126634301744007
289.0225 -0.07035152589119432
290.009 -0.06942694991303085
290.998 -0.06849357195560285
292.025 -0.06755014731824961
293.01 -0.06659739219736124
294.0045 -0.06563504513594438
295.0215 -0.06466381585126212
296.0085 -0.0636835470396975
296.998 -0.06269416572175282
298.0255 -0.061694896499900544
299.015 -0.060685894516007664
300.002 -0.059668235048270776
301.0105 -0.05864182555353205
301.9965 -0.05760568484754453
303.0195 -0.05655999620825124
303.9995 -0.05550557294336842
305.018 -0.054441202048990105
305.999 -0.05336691616584426
307.0195 -0.05228390743983839
307.9995 -0.05119137485247284
309.017 -0.05009053120067819
310.0 -0.04898136096287886
311.024 -0.047862096399988785
312.012 -0.04673322324432468
313.0005 -0.04559535607108074
314.0185 -0.04444794190162372
315.0055 -0.04329138971322051
315.9995 -0.042126090800800556
317.02 -0.040951461601682185
318.007 -0.03976720071909463
318.9965 -0.03857423104296216
320.0225 -0.03737113472842508
321.005 -0.03615979541638183
322.009 -0.03493931895551052
322.9975 -0.03370949058798607
324.025 -0.032470278136806224
325.012 -0.031221371630053625
326.001 -0.02996378148932729
327.0325 -0.0286972811186323
328.014 -0.027421553838978575
329.0015 -0.02613745221110139
330.0145 -0.02484359909149978
330.9995 -0.023540663348484252
332.0255 -0.02222837692609833
333.013 -0.020907479727502367
334.0065 -0.019577019029378816
335.0015 -0.018237302254775135
336.02 -0.016888721449464003
337.0055 -0.015530952601019563
338.0155 -0.014163978537393524
339.002 -0.012788075706367665
340.0235 -0.011403774023527305
341.009 -0.010010023482081387
342.001 -0.0086078096447069
343.0205 -0.007196216136972855
344.0045 -0.005775251187398072
345.0175 -0.004345353292777478
346.009 -0.002905518367272962
347.0045 -0.0014565581220292883
348.009 0.0
