48.003 0.0
48.9995 -0.0015701039703419667
50.0 -0.0031291508958973704
51.0005 -0.004676159765932171
51.997 -0.006212696304567999
53.0 -0.007736973062648145
53.997 -0.009249690619761743
55.0015 -0.010750779283809249
55.9985 -0.012240775486159589
57.004 -0.013718975717836649
57.9965 -0.01518547911162879
59.007 -0.01664098890317331
60.002 -0.018085110612325952
61.005 -0.019517462131645326
62.008 -0.020939174512353092
63.0105 -0.022349160964480835
64.005 -0.023747688947146166
65.0035 -0.025134904689156634
66.005 -0.02650974764557303
67.002 -0.02787364727245771
67.9975 -0.02922680697625389
69.001 -0.0305688188547312
69.9975 -0.03189928102538977
71.003 -0.033218377672747997
72.007 -0.03452621261238663
72.997 -0.03582395090256825
74.0 -0.03711011735127642
75.001 -0.038385209604457446
75.996 -0.03964988403114563
76.9965 -0.040902895143955585
78.0 -0.042144307360831905
78.999 -0.04337430059504707
80.0035 -0.044593699575413884
81.0045 -0.04580211035844096
82.002 -0.046999391185764634
82.996 -0.0481856282709049
84.0025 -0.04936020671005906
85.003 -0.05052459095134885
86.005 -0.05167818024577994
87.004 -0.052819969391450325
88.0 -0.053951073250479174
88.9965 -0.05507125745987539
90.0045 -0.05618069375558676
90.9955 -0.05727839587934945
92.005 -0.058365802933692285
93.004 -0.0594414685791674
94.003 -0.06050653506448735
95.0025 -0.06156040546307778
95.998 -0.06260391868398721
97.001 -0.06363624198504184
98.003 -0.06465699499974617
99.0005 -0.06566696776351119
100.0075 -0.0666658304230821
101.0025 -0.06765403774547311
102.001 -0.06863184566897561
103.0045 -0.06959867876267926
104.012 -0.0705554603671687
105.012 -0.07150103444054907
106.0045 -0.07243504392478034
107.0005 -0.07335914200481035
108.0105 -0.07427133082417765
109.0075 -0.07517263667817128
110.013 -0.07606387859874753
111.005 -0.07694423564155606
112.0015 -0.07781347036669607
113.0105 -0.07867180228170599
114.0055 -0.07951907178643802
115.0005 -0.08035613461804557
116.007 -0.08118227958527652
117.0055 -0.08199792032677518
118.0005 -0.08280292503124073
119.005 -0.08359763643126474
120.0105 -0.08438126230769231
120.997 -0.0851543191628454
122.002 -0.08591597406870179
122.998 -0.08666755006127815
124.0005 -0.08740819850845832
125.0005 -0.08813813386052137
125.9995 -0.0888569953515892
126.9985 -0.08956600890284831
128.0025 -0.09026477944790716
129.0005 -0.09095311006022785
130.0045 -0.09163067588962946
131.0 -0.09229699538485421
132.007 -0.09295282204686182
133.01 -0.09359780018946429
134.004 -0.09423156447159216
134.9995 -0.09485517078249092
136.01 -0.0954674259262387
137.007 -0.09606960214966986
138.0035 -0.09666160389338596
139.0055 -0.09724288317394561
139.996 -0.09781358342060566
141.004 -0.09837405787890663
142.003 -0.09892289323351115
143.0185 -0.09946215715252132
144.0065 -0.09999050746161726
144.9975 -0.10050894164617666
146.0005 -0.10101650041716993
147.0065 -0.10151383341394297
148.0095 -0.10200102467744031
149.0065 -0.10247821961280149
150.008 -0.10294427582863008
151.002 -0.10339956520496811
152.0155 -0.1038447021102192
153.008 -0.10427933931359694
153.9995 -0.10470408207905295
155.0035 -0.10511812727849182
156.001 -0.10552150937004404
157.0095 -0.10591447668961276
158.0025 -0.10629715442033673
159.0005 -0.10666932157230527
160.0035 -0.10703071439812596
161.001 -0.10738241012300179
162.004 -0.10772306081178021
163.005 -0.1080528649711659
164.0095 -0.10837284608339445
164.9965 -0.10868348738852682
166.0155 -0.10898342156779348
166.9995 -0.10927307851378731
168.0155 -0.10955213407969842
168.995 -0.10982144418712633
170.004 -0.11007989961041963
171.0055 -0.11032761190081437
171.9955 -0.11056512636865753
173.0005 -0.11079264169441383
174.0095 -0.11101012135186722
175.008 -0.11121684392198093
176.0045 -0.11141303189293858
177.001 -0.111599986378278
177.9985 -0.11177661844231963
179.007 -0.11194325218602047
180.0085 -0.11209926914719584
181.0075 -0.11224528183205458
182.0025 -0.11238128884533936
183.0005 -0.11250625882484382
184.0075 -0.11262142569085934
185.002 -0.11272684060034863
186.0125 -0.11282163983393989
187.007 -0.1129054869685076
188.0055 -0.11297953754206527
189.005 -0.11304437289041008
190.006 -0.11309862442946321
191.0015 -0.11314345012148092
192.0015 -0.11317808250020463
193.008 -0.11320247321034305
194.011 -0.11321684212388979
194.995 -0.11322073716195205
196.0155 -0.11321563772186415
197.0095 -0.11319957526198898
198.0015 -0.11317335921471361
198.9995 -0.11313645640513124
200.0055 -0.11308930387643863
200.995 -0.1130328589981262
202.0115 -0.1129666089916055
203.0095 -0.11289022665462992
204.005 -0.11280396351802585
205.004 -0.11270719751572875
206.0105 -0.1126003660752594
207.008 -0.11248388911791794
208.0065 -0.11235745158502158
208.997 -0.11222140235893688
210.016 -0.11207548265439099
211.015 -0.1119192605466538
212.007 -0.11175350580620261
213.021 -0.11157752257911772
214.0125 -0.11139189480555739
215.0115 -0.11119626086546068
215.998 -0.11099096218145978
217.021 -0.11077544729102912
218.0025 -0.11054969374459943
219.009 -0.1103140671295121
220.0145 -0.11006941805326759
220.9975 -0.10981466728723702
222.0095 -0.10954996097376117
223.017 -0.10927460334878443
223.998 -0.1089890399266216
225.004 -0.10869456549660012
226.0105 -0.10839082311534486
226.995 -0.10807667993044036
228.014 -0.10775244388476897
229.011 -0.10741820329228133
229.998 -0.10707442866741686
231.001 -0.10672144460477502
232.0115 -0.10635870584246095
233.002 -0.10598642605821183
234.002 -0.1056038383048018
235.002 -0.10521167805588214
236.009 -0.1048095959333551
237.0075 -0.10439801363564384
238.0045 -0.10397685154852153
239.021 -0.10354542259324988
240.0105 -0.10310429997841802
240.996 -0.10265364069984878
242.016 -0.10219324514344064
243.0005 -0.10172369318652992
243.9995 -0.1012444040746179
245.01 -0.10075490728836442
245.9985 -0.10025557697009431
247.0145 -0.09974654850071579
248.0105 -0.09922820718315281
248.9995 -0.09870044553814958
250.006 -0.09816274653159293
251.0115 -0.09761566131935852
252.005 -0.0970586135950265
253.0055 -0.09649147730173682
254.01 -0.09591501281039434
254.996 -0.09532952427279234
256.0155 -0.09473505400580035
257.0175 -0.09413037761131705
258.003 -0.0935158976829378
259.0195 -0.09289174276496419
260.007 -0.09225830587998213
261.008 -0.09161524340736422
262.001 -0.09096320145846157
263.0125 -0.09030146287568665
264.0035 -0.0896297105805706
265.015 -0.08894792509389943
266.0055 -0.08825631855203248
267.0205 -0.08755528485616251
268.0 -0.08684464806304464
269.0225 -0.08612599510466107
270.008 -0.08539766546772866
271.007 -0.08465963800721378
272.004 -0.0839121703585343
273.02 -0.08315502041333034
274.006 -0.08238819832602956
274.998 -0.08161177054114853
276.003 -0.08082582224665387
277.0075 -0.08003113641180094
278.008 -0.07922735290069431
279.0005 -0.07841365796456275
280.016 -0.07759064667357841
280.9975 -0.07675829292449121
282.0005 -0.07591646050214956
283.011 -0.07506562193011586
284.0095 -0.074206157798055
285.0055 -0.07333538962438545
286.0035 -0.07245580398614261
287.014 -0.07156711572465017
288.002 -0.07066925572866366
289.011 -0.06976247021861948
289.9965 -0.06884612677614947
291.022 -0.06792048456294099
292.0075 -0.06698494264146493
292.996 -0.06604017375124716
294.023 -0.06508586684631991
295.0075 -0.06412269773911944
296.0075 -0.06315060259323356
297.0185 -0.06216878505212851
297.9985 -0.06117726922806687
299.0165 -0.0601770456178117
300.0075 -0.059167056865233714
301.007 -0.05814846127143304
301.9965 -0.057121051877145744
303.01 -0.05608401091945566
304.002 -0.055037636310416554
305.029 -0.05398126895629389
306.01 -0.05291744115913714
307.0065 -0.051844075000045974
308.004 -0.0507611546624333
309.0155 -0.049669138619277325
310.0 -0.048567925575744055
311.021 -0.047457834153061075
312.001 -0.04633876079069548
313.016 -0.045210666913827975
314.0045 -0.04407259933571048
315.0255 -0.04292634941518576
316.015 -0.041771182694787704
317.0005 -0.04060567923139633
318.0195 -0.03943181414483165
319.006 -0.038248685005184226
319.999 -0.03705663809751662
321.026 -0.03585500706910829
322.012 -0.034644297376588085
322.9955 -0.03342482895207374
324.018 -0.032195493051589426
324.9975 -0.030957514892491163
326.0165 -0.029710638597368687
326.996 -0.028454984788347782
328.027 -0.027190225399527698
329.0095 -0.025915473412473033
330.0065 -0.02463304038569287
331.028 -0.023340607011626463
332.002 -0.0220391839111362
333.006 -0.020728739606801806
333.997 -0.01940947116188105
335.0285 -0.01808122405191671
336.011 -0.016744485566200736
337.0075 -0.015398114033295105
338.027 -0.014042866968331947
339.0105 -0.012678670167761304
340.006 -0.011305999587333136
341.0245 -0.009924676961927299
342.0115 -0.008534141447173996
343.0075 -0.007134686418186356
344.0225 -0.005725920972234963
345.0105 -0.004307725386024208
346.0005 -0.0028806899444720176
347.025 -0.0014449971188204467
348.0125 -2.168404344971009e-19
