48.0015 -0.0
48.987 1.673399464638837e-05
50.0055 3.327453020150533e-05
50.9965 4.945471377610592e-05
52.0015 6.569935705133794e-05
53.0165 8.40973105749954e-05
54.0045 0.00010261548239671146
55.001 0.000118926160483427
56.0155 0.00013627693837428394
57.0025 0.00015314865164465716
58.0195 0.0001705835686266581
59.0145 0.00018865709787689935
59.9975 0.00020615249414805345
61.0005 0.000224321772712862
62.0175 0.00024099747535856822
63.006 0.00025924513123629783
63.996 0.0002767034740004219
65.0055 0.0002930872676246213
66.009 0.00030947320801185535
66.9955 0.0003271143939575262
67.9985 0.00034402596823799106
69.01 0.00036026979064063963
70.005 0.0003770897404659912
71.0045 0.00039315434811004746
72.0115 0.0004087882827104941
72.998 0.00042458281427919936
74.0065 0.0004416630171006422
75.009 0.00045930041204049477
76.0045 0.00047660724493652634
77.002 0.0004917801050813159
78.0095 0.0005070416098551175
79.004 0.0005222555996501829
80.0 0.000538543519733807
81.0095 0.000553420625194527
82.007 0.0005684974220954778
83.001 0.0005832548694297418
84.006 0.0005981465618022305
85.011 0.0006115498389149265
85.9975 0.0006255197977540275
87.0 0.0006405795498793457
88.0175 0.0006548460227424821
89.003 0.0006700332481946666
90.022 0.0006848946840509948
91.014 0.0006982881515888925
91.9995 0.000711677784431014
93.02 0.0007247589164676924
94.013 0.0007375658165891877
95.0 0.0007498883250710367
96.0055 0.0007616896379038229
97.014 0.0007739208559046501
97.997 0.0007864660504866006
99.017 0.0007993851640231836
100.0095 0.0008113511935383122
101.006 0.0008237178046976851
102.004 0.0008364484733813099
103.013 0.0008467807653824294
104.004 0.0008588471053074948
105.0225 0.0008699371075803486
106.016 0.000881552203606098
107.001 0.0008937258130706921
108.0115 0.0009037750347298396
109.018 0.0009156357655762115
110.0045 0.000926428479548172
111.029 0.0009377691781833342
112.013 0.0009489106056148333
113.0035 0.0009577197952875954
114.0005 0.0009679484729180898
115.0185 0.00097898896270171
116.0005 0.000988630508456989
117.006 0.00099921495218043
118.02 0.0010083052387004354
119.0 0.001018421381560372
120.005 0.001028309594366436
121.016 0.0010357247042348111
122.002 0.0010457847632222017
123.004 0.0010557332263063657
124.0175 0.001064350872242631
125.0155 0.0010738579798289377
126.006 0.001082726323463526
126.998 0.0010915913239759184
128.0075 0.0011011219241499753
129.0195 0.0011095644509383357
130.0055 0.0011173569493110325
130.9975 0.001125409519231027
132.0205 0.0011328453526712884
133.0155 0.0011416287169621758
133.9985 0.0011486826878207013
135.018 0.0011565822524969849
136.0125 0.0011644115613364397
136.9965 0.001172010942226076
138.014 0.0011791488536221778
139.0075 0.0011863728996518719
139.996 0.001193344986310227
141.002 0.001199804418230102
142.0135 0.0012066835430538103
142.9975 0.0012139813554710582
144.014 0.0012202805593670568
145.015 0.001228914630403824
145.995 0.0012346553643813873
147.0025 0.0012410530218758403
148.011 0.0012477869928415736
148.996 0.0012540174704662316
150.001 0.001260076798751425
151.0145 0.00126607931903297
151.9965 0.0012707402097821702
153.0135 0.001277168971259901
154.011 0.001282995854867519
155.003 0.0012889881905557565
156.0145 0.0012961630702371801
157.0165 0.0013009491929456274
158.004 0.0013073528050373123
159.0215 0.0013124308504957466
160.0155 0.0013175361149477954
160.996 0.001321993358274015
162.015 0.0013257603020453423
163.021 0.0013303592981316753
164.0065 0.0013353249111982685
164.997 0.0013398701263018786
166.0005 0.00134362803210758
167.016 0.0013496290435768277
167.995 0.0013546569601532582
169.0095 0.001360350305837199
170.0195 0.0013659074267224902
171.0005 0.0013700355064417274
172.0055 0.0013747657225534893
173.0155 0.0013787149451082725
173.999 0.0013803253212153616
175.026 0.0013840954231805064
176.0175 0.001388342398195741
177.0015 0.0013918985980802129
178.0245 0.0013948091323706807
179.0145 0.0013988275214638773
179.998 0.0014020490779742267
181.0275 0.0014061639517540109
182.0135 0.0014097612129987253
183.0 0.0014118683239533053
184.0245 0.0014137387622227826
185.013 0.0014165598994487355
186.009 0.001419636333794938
187.0025 0.0014227033746632006
188.019 0.0014254393140082228
189.001 0.0014296308336326918
190.023 0.001431757797834457
191.0095 0.0014327908878689066
192.007 0.0014347900091325194
193.005 0.0014357595692458536
194.0145 0.001438020230957765
195.002 0.001440290028022831
196.0065 0.0014409616215007859
197.017 0.0014412390123126062
198.0065 0.0014433609823049087
198.9955 0.0014444284348258674
200.02 0.0014466787182329105
201.0105 0.0014479629052424198
201.9955 0.0014480585227630849
203.02 0.0014492140992396069
204.0155 0.0014503235672451015
204.9975 0.0014511785703404806
206.0245 0.0014522918500170928
207.013 0.0014520370364535656
208.0005 0.0014534390525511448
209.0255 0.001452912942540685
210.0185 0.001454054752712139
211.0045 0.0014533575485576322
212.0215 0.0014533589511151745
213.0095 0.001451869097226513
213.9975 0.0014509351783324187
215.031 0.0014517445625240183
216.0205 0.001450152336832447
217.008 0.0014495392323062434
217.995 0.0014485875505665935
219.0235 0.0014484023041261146
220.0195 0.0014484685292887184
221.0035 0.0014483056822506002
222.0255 0.0014461083625404297
223.0165 0.0014453599873714001
224.0005 0.0014430040574637953
225.027 0.0014409416304093925
226.019 0.0014384803879966546
226.9985 0.0014360347877504231
228.0285 0.001433543505162782
229.015 0.0014308595267292362
229.9975 0.0014288600689580933
231.029 0.0014249714488768217
232.0235 0.0014218698225500481
233.0095 0.0014172540007523632
234.005 0.001415181893794304
235.009 0.0014116203272179911
236.02 0.0014090132993191673
237.0035 0.0014060064759518348
238.029 0.0014022285179774857
239.019 0.0013985735527963228
239.9965 0.0013954226783401552
241.028 0.0013912236877276218
242.015 0.001387190389112572
243.003 0.0013824283900698425
244.0275 0.0013781519247631768
245.018 0.001372426882499042
246.0085 0.0013668153372875108
247.004 0.0013618140573655457
248.0145 0.0013568547980887524
249.0015 0.0013517253874293228
250.024 0.001346406376282
251.0135 0.0013405387306900107
252.0005 0.0013350968345898634
253.0225 0.0013292785943289642
254.014 0.0013239557350142317
255.0005 0.0013179183281060713
256.0175 0.0013106814628701807
257.008 0.0013037586379576888
258.0085 0.0012957766091990092
258.996 0.0012883958224959025
260.022 0.0012801262076571202
261.0155 0.00127267301089648
262.005 0.0012652611993438923
263.02 0.001256423609347343
264.0075 0.0012490084949645236
264.995 0.0012407341832728763
266.0295 0.001233083700775378
267.0175 0.0012222502117817668
268.0005 0.0012133146437396797
269.0215 0.0012036367359600092
270.0075 0.0011940250814766462
271.005 0.0011843060756292628
272.0215 0.0011756007732339063
273.0105 0.0011664715007929094
273.9955 0.0011561827771712496
275.024 0.0011465414344937613
276.02 0.0011360442054729192
277.011 0.0011248729299591087
277.9975 0.0011154269531974959
279.025 0.0011051765536498614
280.015 0.0010942039505213025
280.9965 0.0010825863691622112
282.0255 0.0010720653192797247
283.017 0.001060305310686821
284.0 0.0010481045359149732
285.0245 0.0010368853477363965
286.017 0.001026249091486034
286.999 0.001014001025566827
288.0295 0.0010017528986422247
289.0175 0.0009887424802723782
290.003 0.0009761837101033427
291.0285 0.0009642849762983019
292.017 0.0009519492363233989
292.9975 0.000939835039849124
294.026 0.0009266480152232692
295.012 0.00091377752495031
296.004 0.0008992097720088299
297.0285 0.0008866277231697889
298.0165 0.0008736784427451558
298.9995 0.0008584426790675809
300.0265 0.0008436355539104892
301.011 0.0008294641781296797
302.003 0.0008156242879044512
303.023 0.0008010650397831248
304.0085 0.000783888085938135
305.0035 0.0007685919197739574
306.0205 0.0007550392083469012
307.01 0.0007399472210325025
308.003 0.0007248202924747052
309.007 0.0007083077614369743
309.9985 0.0006925773448214281
311.017 0.0006768025255041651
312.0015 0.0006600381255673499
313.018 0.0006428950807144326
314.0065 0.0006257735462009972
314.9955 0.0006103012787479489
316.026 0.0005937360908486733
317.014 0.0005765352013309341
318.003 0.0005598833272122683
319.0135 0.0005421823744109419
320.0025 0.0005245341854161895
321.01 0.000506244048445216
322.0045 0.0004888828180497559
323.005 0.0004722974712656966
324.0135 0.0004541285698612882
325.0 0.0004359335020932692
326.019 0.0004172462076500946
327.005 0.0003994650093844254
328.013 0.0003813945834177032
329.0005 0.0003629175089239385
330.012 0.0003450195384495161
331.002 0.00032540711053587537
332.016 0.000307169145442536
333.004 0.0002880794630146302
334.009 0.0002685931333068145
334.999 0.0002501117116140844
336.0145 0.00023094198427204768
337.006 0.0002114068879789273
337.997 0.00019219790606973298
339.0175 0.00017364420512504947
340.006 0.00015465855224276216
341.0015 0.0001354549521591815
342.016 0.00011614033215857911
343.0065 9.689011048267474e-05
344.0045 7.801269898904777e-05
345.0165 5.907314295738788e-05
346.003 3.782225652373657e-05
347.0145 1.9132160388997486e-05
348.004 -0.0
