!---------------------------------------------------------------------------------
!SCANNED AXIS: Motor5
!KIND OF MOVEMENT: Absolute
!START POSITION: 28.0260 mm
!STOP POSITION: 327.9995 mm
!NUMBER OF STEPS: 300
!STEP VALUE: 1.0 mm
!SCAN TIME: 0.1 s
!---------------------------------------------------------------------------------

28.0260 -0.0016472910856512072    -754.9    -323.5
29.0000 -0.001636368688690142    -748.5    -327.0
30.0015 -0.0016243091232256018    -741.5    -326.2
31.0185 -0.0016119535744340257    -734.3    -326.1
32.0085 -0.0016006798918392388    -727.7    -326.1
33.0025 -0.001590337190757518    -721.6    -325.5
34.0085 -0.0015791453414991789    -715.1    -322.8
35.0180 -0.0015679449712601697    -708.5    -321.3
35.9960 -0.0015566261347233045    -701.9    -320.0
37.0030 -0.001544227301224355    -694.7    -318.9
38.0110 -0.0015338488674685037    -688.6    -318.4
39.0065 -0.0015219368113522755    -681.6    -319.0
40.0160 -0.0015108402140933082    -675.1    -318.2
40.9970 -0.0014990839581411736    -668.3    -318.9
41.9980 -0.001489137595176142    -662.5    -317.9
43.0115 -0.001477712283804335    -655.8    -318.7
44.0065 -0.0014653051834101936    -648.5    -319.2
45.0185 -0.0014549964281457219    -642.5    -318.2
45.9995 -0.0014440803406035685    -636.1    -317.9
47.0200 -0.0014333355485527835    -629.8    -315.1
48.0035 -0.0014222482977697866    -623.3    -315.2
49.0135 -0.0014108793242951956    -616.7    -313.1
50.0070 -0.0013994035323218379    -610.0    -313.1
50.9955 -0.001388605982003048    -603.7    -314.0
52.0025 -0.0013773860740508312    -597.1    -313.2
53.0085 -0.0013664128352167122    -590.7    -314.7
54.0080 -0.0013559093846651302    -584.6    -314.8
55.0130 -0.0013445157511162765    -577.9    -314.7
56.0065 -0.0013337121587315094    -571.6    -314.4
57.0090 -0.0013222699997939731    -564.9    -314.0
58.0095 -0.0013117455896039562    -558.7    -314.1
59.0005 -0.001300351678963846    -552.1    -314.2
60.0270 -0.0012891450896500367    -545.5    -312.5
61.0170 -0.001278741963695122    -539.5    -311.9
61.9955 -0.0012681065304969235    -533.2    -311.1
63.0310 -0.0012564748620520734    -526.4    -307.3
64.0290 -0.001245978259502714    -520.3    -307.0
65.0200 -0.0012349690228768845    -513.9    -308.0
66.0055 -0.0012240945842905847    -507.5    -307.9
66.9990 -0.001213418297772884    -501.3    -309.2
68.0155 -0.001202560054235148    -494.9    -307.9
69.0315 -0.001191818957193791    -488.6    -309.3
70.0275 -0.0011812119193865295    -482.4    -308.6
71.0185 -0.0011707754393149384    -476.3    -308.8
71.9995 -0.0011589958341931316    -469.5    -309.7
73.0375 -0.001147817523292799    -462.9    -307.9
74.0350 -0.0011370301546203305    -456.6    -307.6
75.0285 -0.0011261834250066442    -450.3    -307.4
76.0150 -0.0011162256003532448    -444.4    -305.7
77.0040 -0.001104637191116306    -437.7    -305.7
78.0075 -0.0010942964708736721    -431.6    -303.0
79.0305 -0.0010828350376308287    -424.9    -303.1
80.0235 -0.0010720465483470996    -418.6    -303.3
81.0055 -0.0010619495891311663    -412.7    -304.4
82.0280 -0.0010512123155563598    -406.4    -303.6
83.0210 -0.001040651905083007    -400.3    -303.6
84.0060 -0.001030572209611683    -394.4    -303.8
84.9995 -0.001019940449740349    -388.2    -304.2
86.0140 -0.0010086402264082982    -381.6    -303.5
87.0310 -9.977085478411944E-4    -375.2    -303.5
88.0235 -9.863770133832863E-4    -368.5    -302.4
89.0130 -9.769289852474565E-4    -363.0    -302.2
89.9990 -9.666031150860617E-4    -357.0    -301.6
91.0260 -9.554940963260685E-4    -350.5    -299.2
92.0240 -9.456561740366571E-4    -344.7    -299.5
93.0145 -9.35007829632705E-4    -338.5    -299.9
93.9985 -9.243695395824929E-4    -332.3    -300.8
95.0055 -9.134005437292443E-4    -325.9    -301.0
96.0075 -9.028385310590837E-4    -319.7    -301.0
97.0020 -8.924869357281606E-4    -313.6    -300.3
98.0240 -8.809258860072359E-4    -306.9    -298.5
99.0070 -8.71532111319604E-4    -301.4    -298.7
100.0085 -8.608700572310847E-4    -295.2    -298.5
101.0005 -8.502226467406587E-4    -288.9    -299.4
102.0165 -8.39328912850756E-4    -282.6    -297.5
102.9950 -8.289067970461831E-4    -276.5    -297.1
104.0200 -8.183120779228616E-4    -270.3    -295.0
105.0030 -8.080405994947425E-4    -264.3    -294.9
106.0220 -7.971293430200704E-4    -257.9    -292.2
107.0105 -7.865946982457366E-4    -251.7    -292.1
108.0080 -7.763135146354057E-4    -245.7    -292.7
109.0040 -7.660157523671137E-4    -239.7    -293.0
110.0215 -7.565848682043356E-4    -234.2    -292.1
111.0165 -7.453959205129354E-4    -227.7    -292.3
111.9970 -7.344638790997823E-4    -221.3    -293.3
113.0210 -7.239910126028312E-4    -215.1    -292.4
114.0080 -7.135644851393015E-4    -209.1    -292.6
115.0080 -7.041700703901726E-4    -203.6    -293.4
116.0020 -6.927778316224498E-4    -196.9    -293.4
117.0210 -6.81817170895738E-4    -190.5    -291.1
118.0090 -6.722917172807768E-4    -184.9    -290.0
119.0040 -6.619251332969586E-4    -178.9    -289.7
120.0345 -6.513582760186419E-4    -172.7    -287.4
121.0245 -6.412219374814095E-4    -166.8    -286.9
122.0145 -6.308624902766225E-4    -160.7    -287.9
122.9955 -6.2100208514932E-4    -154.9    -288.3
124.0210 -6.099475779653832E-4    -148.5    -287.0
125.0120 -5.997895453381753E-4    -142.5    -287.8
126.0010 -5.898941759298676E-4    -136.8    -288.6
127.0395 -5.780936599945339E-4    -129.9    -287.4
128.0350 -5.680941711987864E-4    -124.0    -287.4
129.0310 -5.58354563900843E-4    -118.3    -287.7
130.0225 -5.484032465082831E-4    -112.5    -287.3
131.0105 -5.377150271726395E-4    -106.2    -286.6
132.0090 -5.28337545487029E-4    -100.8    -285.8
132.9990 -5.179026580416902E-4     -94.7    -284.9
134.0225 -5.070534207693342E-4     -88.3    -283.2
135.0100 -4.967657707624549E-4     -82.3    -284.1
136.0035 -4.865371259285507E-4     -76.3    -285.3
137.0440 -4.7643312183779784E-4     -70.4    -284.0
138.0325 -4.6649163758166924E-4     -64.6    -284.6
139.0300 -4.561773457358899E-4     -58.6    -284.3
140.0140 -4.4589644472208787E-4     -52.6    -284.5
141.0070 -4.3599309542394617E-4     -46.8    -284.9
142.0250 -4.2537031089426167E-4     -40.6    -283.9
143.0045 -4.154036186198501E-4     -34.7    -284.4
144.0160 -4.0550403712858075E-4     -29.0    -282.7
144.9970 -3.9546835240514776E-4     -23.1    -282.5
146.0140 -3.859462486538579E-4     -17.5    -279.7
147.0255 -3.7493746409554286E-4     -11.1    -279.5
148.0180 -3.6453117916785316E-4      -5.0    -279.7
148.9970 -3.543810710835276E-4       0.9    -280.8
150.0220 -3.449110714353446E-4       6.5    -280.0
151.0030 -3.359410102305204E-4      11.7    -281.1
152.0285 -3.240333604048873E-4      18.7    -280.2
153.0185 -3.142658036056308E-4      24.4    -280.5
154.0125 -3.0436333823607076E-4      30.2    -281.4
154.9985 -2.937395556892029E-4      36.4    -281.6
156.0080 -2.841327113673173E-4      42.0    -280.8
157.0080 -2.7372770085429455E-4      48.1    -279.8
158.0010 -2.636662406989685E-4      54.0    -278.6
159.0160 -2.535506296413026E-4      59.9    -275.9
159.9985 -2.443634148227976E-4      65.2    -274.9
161.0325 -2.3348896972314427E-4      71.6    -272.6
162.0260 -2.233594925389176E-4      77.5    -272.0
163.0185 -2.1483332286669588E-4      82.5    -272.6
164.0055 -2.038290815497628E-4      88.9    -274.1
165.0035 -1.938286346702075E-4      94.8    -274.7
166.0380 -1.8378358776861817E-4     100.7    -272.9
167.0360 -1.7393194774609303E-4     106.4    -272.8
168.0340 -1.6445561115622102E-4     112.0    -272.8
169.0260 -1.5468820888826117E-4     117.7    -273.0
170.0200 -1.4569302732779158E-4     122.9    -272.6
171.0100 -1.3475409926783847E-4     129.3    -272.4
172.0015 -1.2377547377581693E-4     135.7    -273.0
173.0425 -1.1370891015672058E-4     141.6    -269.7
174.0235 -1.0451621401309067E-4     147.0    -269.2
175.0145 -9.492998216738664E-5     152.6    -268.5
175.9965 -8.555597454213205E-5     158.1    -269.5
177.0335 -7.548140488677677E-5     164.0    -269.3
178.0190 -6.560166687562208E-5     169.7    -270.0
179.0030 -5.590247746518213E-5     175.4    -270.3
180.0110 -4.58327363211406E-5     181.3    -269.2
180.9950 -3.666469430568436E-5     186.7    -270.9
182.0285 -2.649519875044198E-5     192.6    -269.7
183.0285 -1.6324432096630406E-5     198.6    -269.9
184.0220 -6.438208101940425E-6     204.3    -269.9
185.0125 2.985035681481788E-6     209.8    -269.0
186.0000 1.2433704588182235E-5     215.4    -269.0
187.0330 2.234277893258733E-5     221.2    -266.6
188.0260 3.244481621701485E-5     227.1    -265.4
189.0220 4.1613993937096604E-5     232.4    -264.2
190.0140 5.15783411480628E-5     238.3    -264.0
190.9980 6.072714681680012E-5     243.6    -265.4
192.0355 7.127026404253636E-5     249.8    -264.4
193.0330 8.1034148622825E-5     255.5    -264.9
194.0275 9.097765119580054E-5     261.3    -265.6
195.0225 1.0112768920516842E-4     267.2    -265.9
196.0060 1.1044007463452026E-4     272.7    -267.3
197.0050 1.1965085981881521E-4     278.0    -267.5
198.0450 1.2976569446177105E-4     284.0    -265.3
199.0300 1.3844724442533973E-4     289.0    -264.8
200.0190 1.4731853003409497E-4     294.2    -264.2
200.9965 1.5737308324768241E-4     300.1    -264.1
202.0230 1.6695705489407433E-4     305.7    -261.2
203.0040 1.7721997570488478E-4     311.7    -261.4
204.0085 1.871590913581469E-4     317.5    -261.1
205.0085 1.967470869244031E-4     323.1    -261.9
206.0025 2.057180658105385E-4     328.4    -262.0
207.0230 2.1515065973840518E-4     333.9    -261.3
208.0090 2.2462495577890641E-4     339.4    -262.4
209.0000 2.3436957077592357E-4     345.1    -263.1
210.0415 2.4364645215482295E-4     350.5    -261.0
211.0305 2.531545858141107E-4     356.1    -261.1
212.0205 2.629345591757208E-4     361.8    -261.6
213.0115 2.729633961008762E-4     367.7    -260.7
213.9975 2.818276935070781E-4     372.9    -261.1
215.0160 2.9160566669458095E-4     378.6    -259.1
216.0070 3.0107166281316154E-4     384.1    -257.7
216.9990 3.1037579031929503E-4     389.5    -256.6
218.0365 3.213250091791564E-4     395.9    -255.6
219.0290 3.2992775606107734E-4     401.0    -255.9
220.0250 3.385696739098179E-4     406.0    -255.6
221.0150 3.4835941446777435E-4     411.8    -256.0
221.9985 3.5733588810912294E-4     417.0    -256.7
223.0180 3.6704969086789196E-4     422.7    -254.9
223.9955 3.7597774383642225E-4     427.9    -255.9
225.0120 3.8553135176064784E-4     433.5    -255.1
225.9980 3.9574655917423864E-4     439.5    -255.6
227.0275 4.0459078657944787E-4     444.6    -254.2
228.0190 4.1412120391975233E-4     450.2    -253.4
229.0040 4.2323930169010514E-4     455.5    -253.5
230.0040 4.3294400834384693E-4     461.2    -252.6
231.0065 4.4281137681005407E-4     467.0    -250.8
232.0070 4.5091386315538196E-4     471.7    -249.9
233.0075 4.6005965346732536E-4     477.1    -250.1
234.0075 4.693368428623189E-4     482.5    -251.2
235.0025 4.7888214057781206E-4     488.1    -251.2
236.0225 4.887589357376931E-4     493.8    -250.0
237.0010 4.974617411848088E-4     498.9    -252.3
238.0140 5.06120404347405E-4     504.0    -250.8
238.9975 5.154888015527301E-4     509.5    -251.6
240.0370 5.247625790044989E-4     514.9    -250.4
241.0290 5.339753829623236E-4     520.3    -250.7
242.0230 5.435398009039447E-4     525.9    -250.7
243.0145 5.532499408169079E-4     531.5    -250.0
243.9955 5.621740717099443E-4     536.7    -249.1
245.0315 5.723116982639105E-4     542.7    -245.9
246.0325 5.819526612795639E-4     548.3    -244.4
247.0300 5.900929518142229E-4     553.1    -244.3
248.0230 5.991050998083241E-4     558.3    -245.6
249.0090 6.077672344224254E-4     563.4    -246.6
250.0105 6.169355632882869E-4     568.8    -247.1
250.9970 6.262410216054551E-4     574.2    -247.6
252.0345 6.36420878312285E-4     580.2    -245.8
253.0235 6.447457583491029E-4     585.0    -246.0
254.0115 6.537521744156397E-4     590.3    -246.5
255.0025 6.628410060504979E-4     595.6    -247.7
256.0295 6.728026702294443E-4     601.4    -246.4
257.0230 6.811059608453111E-4     606.3    -245.5
258.0110 6.90492715692061E-4     611.8    -245.0
259.0020 6.992812595540349E-4     616.9    -244.6
260.0425 7.091485486152828E-4     622.7    -241.9
261.0305 7.174024046290007E-4     627.5    -242.1
262.0185 7.263706758761232E-4     632.7    -243.1
263.0025 7.357403158794314E-4     638.2    -243.3
264.0410 7.454940520692074E-4     643.9    -241.7
265.0360 7.545434136985682E-4     649.2    -242.3
266.0295 7.625919805993386E-4     653.9    -242.1
267.0170 7.718034880236017E-4     659.3    -243.4
267.9955 7.808028330403603E-4     664.6    -243.7
269.0335 7.893956962745777E-4     669.6    -242.1
270.0300 7.986664896543218E-4     675.0    -241.4
271.0215 8.081490398181621E-4     680.5    -240.3
272.0020 8.166605103889299E-4     685.5    -240.5
273.0290 8.261702304359697E-4     691.1    -238.7
274.0240 8.34887740021725E-4     696.2    -238.3
275.0175 8.43162410159997E-4     701.0    -239.2
276.0080 8.518242337730176E-4     706.1    -240.1
276.9960 8.612111073368037E-4     711.6    -240.3
278.0250 8.69335997469242E-4     716.3    -239.5
279.0085 8.783000695054885E-4     721.6    -238.8
280.0045 8.874894957020156E-4     726.9    -239.2
281.0305 8.965661479816653E-4     732.2    -237.6
282.0140 9.048902578962203E-4     737.1    -237.9
282.9965 9.139466148088917E-4     742.4    -237.8
284.0275 9.226966529330193E-4     747.5    -235.8
285.0190 9.312482306013503E-4     752.5    -234.9
286.0055 9.417641665240432E-4     758.7    -233.8
287.0020 9.50283943201019E-4     763.6    -233.6
288.0185 9.585920896623072E-4     768.5    -230.7
289.0235 9.678410585610949E-4     773.9    -231.2
290.0125 9.757818520028126E-4     778.5    -232.7
290.9995 9.852253749026087E-4     784.1    -232.8
292.0160 9.941625904789748E-4     789.3    -231.0
293.0005 0.0010032621227074356     794.6    -232.9
294.0260 0.0010116106450510107     799.5    -232.3
295.0120 0.0010204570037019409     804.7    -232.8
296.0015 0.0010288886707101397     809.6    -234.0
297.0320 0.0010366402759103893     814.1    -231.6
298.0230 0.001046840180343866     820.1    -231.0
299.0110 0.0010554533829281179     825.1    -230.1
300.0010 0.0010640857001128876     830.2    -229.7
301.0330 0.001072667229022761     835.2    -226.7
302.0235 0.001081340288722719     840.3    -227.7
303.0085 0.0010901482175061823     845.4    -228.9
304.0120 0.0010997247158541655     851.0    -230.0
305.0065 0.0011082213894803932     856.0    -229.8
305.9980 0.0011163740527064506     860.7    -229.9
307.0195 0.0011250910635551715     865.8    -229.3
308.0030 0.001132952145900691     870.4    -229.5
309.0135 0.0011424796472475406     876.0    -229.8
309.9960 0.0011511892734972623     881.1    -230.4
311.0165 0.001159973352388031     886.2    -229.5
311.9995 0.0011682958078989931     891.1    -229.1
313.0175 0.001177570681155364     896.5    -227.9
314.0025 0.0011863306585701075     901.6    -227.9
315.0185 0.0011949435708561067     906.7    -225.3
316.0090 0.0012036015739755547     911.7    -225.6
317.0015 0.0012121100595836119     916.7    -226.1
318.0315 0.0012206081006273773     921.7    -225.4
319.0220 0.001229548580335292     926.9    -225.9
320.0085 0.0012376648114958968     931.6    -226.3
321.0080 0.0012465465023894322     936.8    -227.6
321.9985 0.0012564285805981013     942.6    -226.9
323.0135 0.0012649682990505723     947.6    -225.7
323.9970 0.0012731828638828909     952.4    -227.0
325.0230 0.001281698696219183     957.4    -225.4
326.0080 0.0012896350763999976     962.0    -225.0
327.0075 0.0012989510022122562     967.5    -224.7
327.9995 0.0013071128670015194     972.2    -224.1
