47.9975 0.0
49.0005 -0.0016013035928097807
49.998 -0.0031899286368395037
51.001 -0.004766971666174188
52.0025 -0.006331655059799272
53.0005 -0.007884723144399712
54.009 -0.009426496605466341
54.9985 -0.010955759515839871
56.009 -0.012473335819556643
57.01 -0.013979949438049376
58.0015 -0.015474609881535038
58.9985 -0.016957609375589475
60.007 -0.01842934869409368
60.998 -0.019890284080736516
62.0025 -0.02133890688868651
63.001 -0.022775818173303188
64.002 -0.024201417622005283
65.0025 -0.025615578424746273
66.0075 -0.027018462652017426
67.003 -0.028409392291352694
68.0035 -0.02978923997652007
69.0 -0.03115732130185038
70.0015 -0.03251341520368828
71.0005 -0.03385776598369257
72.0075 -0.03519049343825017
73.002 -0.03651236546089193
74.0025 -0.03782289496264307
75.005 -0.03912235332471111
76.003 -0.04040993853657409
76.999 -0.0416868373981776
78.0 -0.042952136219644874
79.002 -0.044206096190386096
80.0025 -0.04544957985796363
81.002 -0.04668152401313661
82.001 -0.04790251694532303
82.997 -0.049112168680524926
83.9975 -0.05030910721279445
84.9975 -0.05149502125058238
86.0095 -0.05267020646335913
87.001 -0.05383503725206023
88.0035 -0.054987565636393926
89.004 -0.05612911356847001
90.0005 -0.05725997059137031
91.003 -0.058379089736325676
92.001 -0.05948693173475201
92.9995 -0.06058394280560019
94.001 -0.06166993396775986
95.001 -0.06274417876999484
96.0035 -0.06380743617166897
97.005 -0.06485896149714608
97.9975 -0.06589951086991654
99.001 -0.06692909410490767
100.0035 -0.06794721705913151
101.004 -0.0689542411004478
102.003 -0.06995047914082374
102.998 -0.0709354501605891
103.9995 -0.07190917808295226
104.9975 -0.0728720926521754
106.0065 -0.07382367728580966
107.0085 -0.07476406215129137
108.0075 -0.07569349209864386
109.0045 -0.07661310450455017
110.0005 -0.07752186221560035
111.005 -0.07841871187288017
112.006 -0.07930429436551334
112.996 -0.08017896357369851
114.0 -0.08104259565196341
115.009 -0.08189468594329635
115.9995 -0.08273654432716496
117.0045 -0.0835671194763603
118.004 -0.08438686965087758
119.007 -0.08519633928802607
119.9965 -0.08599394806981255
121.0 -0.08678191662081283
121.999 -0.08755857913554752
123.0115 -0.08832414266435443
124.0025 -0.08907890971736525
125.0075 -0.08982297637879023
126.0045 -0.0905563038447044
127.015 -0.09127833706969886
127.996 -0.09198977794436529
129.0015 -0.09269005419493807
130.0045 -0.09337934707376377
131.003 -0.09405757357300155
132.005 -0.09472434444503149
133.0145 -0.09538046415637488
134.0045 -0.09602610850378429
135.005 -0.09666000706637286
136.002 -0.09728418914307678
137.0015 -0.09789820439103016
138.001 -0.09850025975729815
139.0025 -0.09909213765058124
140.003 -0.09967188479600705
141.004 -0.1002419934546588
142.0065 -0.10080101293831327
143.0045 -0.10134934917404687
144.0015 -0.10188770431284694
145.0055 -0.10241547178682742
145.995 -0.10293201589973104
147.0015 -0.1034383053880043
148.0075 -0.10393390799170643
148.997 -0.10441940984955714
150.005 -0.10489415020327425
150.9965 -0.10535787440815367
152.0015 -0.10581071528053808
153.0 -0.10625316339709281
154.0055 -0.10668529722197058
155.0035 -0.10710617656386189
156.012 -0.1075162657379016
157.0 -0.10791716009688393
158.0125 -0.10830624383896324
159.0105 -0.10868531837407722
160.008 -0.10905314629269118
161.016 -0.10941048351891472
161.998 -0.10975679372644548
162.9995 -0.11009372929054546
164.001 -0.11041965043882014
165.0105 -0.11073484993973721
165.999 -0.11103982695296605
167.0015 -0.11133430714928054
168.0005 -0.11161820959124007
169.002 -0.11189144902238005
170.0035 -0.11215441354422444
171.0 -0.11240706730445346
172.0035 -0.11264888978349356
173.0055 -0.11288130732585862
174.002 -0.11310245532908937
175.0055 -0.11331288435371174
176.002 -0.11351282616397584
177.005 -0.11370211921222832
178.0085 -0.11388185521989612
179.0015 -0.11404988555679428
180.0075 -0.1142077423249601
181.0055 -0.11435519298304936
182.0005 -0.11449187060497222
182.9995 -0.11461868434869414
184.0115 -0.11473528661000228
185.006 -0.11484174289856466
186.005 -0.11493777112566786
187.0095 -0.11502337554400593
188.0075 -0.1150989983547847
189.008 -0.11516513646470915
190.0055 -0.11522058634863788
191.009 -0.11526565910876556
192.005 -0.11530010940259294
193.016 -0.11532321160079458
193.9965 -0.11533627936259273
195.016 -0.1153395081073262
195.9955 -0.11533359556051463
197.0125 -0.11531733424742782
198.0065 -0.11529062028781799
199.005 -0.11525312397714693
200.0005 -0.11520518350200556
201.0035 -0.11514702112169785
202.0185 -0.1150788337133245
203.003 -0.11500050049052188
204.017 -0.11491283801467815
205.003 -0.11481580762577949
206.0095 -0.1147071106720944
207.0155 -0.11458892370059975
208.003 -0.11445912336474919
209.021 -0.11431954941918734
210.01 -0.1141703941307646
211.0055 -0.1140109926977199
212.0065 -0.11384186380160945
213.01 -0.11366259422231312
214.01 -0.11347264986823907
215.0015 -0.11327333080417003
216.014 -0.11306411076263434
217.009 -0.11284392986479606
218.006 -0.11261419271623667
219.0205 -0.11237360272086795
220.0055 -0.11212325710243
220.9955 -0.1118631755580966
222.0235 -0.11159224123720093
223.0075 -0.11131135760255587
224.004 -0.11102030922624473
224.9985 -0.11071933609096325
226.008 -0.11040931934097241
227.0065 -0.11008871743667344
228.005 -0.10975818926584131
229.005 -0.10941824088544895
230.0165 -0.10906772942148024
230.997 -0.1087075867493419
232.001 -0.10833746723863925
233.01 -0.1079572206473205
234.0095 -0.10756712307056036
235.0085 -0.1071663365553775
236.006 -0.10675630230837145
237.003 -0.10633629246098962
238.011 -0.10590630443042211
238.998 -0.10546643084330852
240.0175 -0.1050164844899419
241.011 -0.10455710004337193
242.0045 -0.10408700024573085
243.021 -0.10360672271850133
244.013 -0.10311708829452798
244.9985 -0.10261789606740171
246.0225 -0.10210869381665626
247.0115 -0.10158947674550836
247.9995 -0.10106046966576349
249.019 -0.10052175717099376
250.0055 -0.09997444036721394
251.0065 -0.09941653987252973
252.006 -0.0988488128126255
253.007 -0.09827077512315342
254.004 -0.09768263958964558
255.0055 -0.09708544272483269
256.0075 -0.09647820939167323
257.002 -0.0958616437338728
258.026 -0.09523496880386512
259.0145 -0.09459814220050844
259.9995 -0.09395134381989216
261.0255 -0.09329588281274533
262.015 -0.09263077646324296
263.0 -0.09195522230293332
264.019 -0.09127033122036432
265.013 -0.09057549043213535
265.999 -0.08987078604739195
267.025 -0.0891575695104668
268.0175 -0.08843403089280093
269.0095 -0.08770114730960171
270.008 -0.08695870136100985
271.0 -0.08620622445774197
272.018 -0.08544379992862752
273.0 -0.08467209612067929
274.0225 -0.0838902263418734
275.0055 -0.08309928426547537
276.0 -0.08229859852527775
277.026 -0.08148783810997948
278.0125 -0.08066778302474549
279.005 -0.07983815157476848
280.014 -0.07899974106644435
281.018 -0.07815105312972127
282.002 -0.07729317599882701
283.029 -0.07642546871012497
284.018 -0.07554912923693484
285.0025 -0.07466233911068794
286.026 -0.0737666493815179
287.014 -0.07286071732154385
288.0055 -0.07194549733833272
289.0275 -0.0710211099058983
290.019 -0.07008596104131251
290.995 -0.06914272571562674
292.022 -0.06818954740923967
293.004 -0.06722675970600649
294.022 -0.0662548624541704
295.007 -0.06527326706454654
296.014 -0.06428233116087594
297.0095 -0.06328244688396978
298.0 -0.06227240909779044
299.0235 -0.0612541994343206
300.011 -0.06022649197846083
300.996 -0.0591891330997715
302.0075 -0.058142158875570504
303.0005 -0.057086137826915184
304.0205 -0.05601999606355197
305.0105 -0.054945678514881906
306.002 -0.053861667595396935
307.025 -0.052767886260455
308.008 -0.051664311729139205
309.005 -0.05055285956865572
310.0255 -0.0494314819644359
311.01 -0.048301047751554985
312.0 -0.047161459677771266
313.02 -0.046012547167887295
313.9995 -0.04485407253023569
315.006 -0.043685813514747214
316.006 -0.04250870523309384
317.009 -0.04132214500386815
318.0055 -0.040126255666149795
319.026 -0.03892138558497809
320.009 -0.03770756828967185
321.006 -0.03648406536997485
322.0235 -0.035251791870229116
323.0105 -0.034009897285770925
323.9965 -0.032758692207318196
325.023 -0.03149811271886159
326.008 -0.030228753016368806
327.005 -0.028950152036244715
328.0175 -0.02766260064259796
329.0055 -0.026365884977877892
330.004 -0.025060399442463674
331.0065 -0.023745062916975777
331.997 -0.022420967655689086
333.0175 -0.021087629999283094
334.0 -0.0197453708638533
335.0195 -0.018394155020921604
336.0085 -0.01703368924845806
336.998 -0.015663814373279204
338.019 -0.014284897074041639
339.0065 -0.012897652120453146
340.01 -0.011500969413092806
340.998 -0.010095220685822751
342.023 -0.008680753453916069
343.0095 -0.007257025924529831
344.0085 -0.005823790766006941
344.9995 -0.004381162942211151
346.014 -0.00292952458807323
347.003 -0.0014690782047775562
347.999 2.168404344971009e-19
