48.004 -0.0
48.9945 3.905880474790744e-06
50.0045 8.244512005113353e-06
51.007 1.2503605816976092e-05
52.003 1.7086168076371755e-05
53.009 2.267304503763938e-05
54.002 2.8841271511819908e-05
55.022 3.3536560437424576e-05
56.0035 3.949217318920811e-05
56.9995 4.491420070982556e-05
58.0165 4.9821841983956755e-05
59.002 5.5595482301856736e-05
60.001 6.0721768309946605e-05
61.012 6.712526838336882e-05
62.006 7.198220623477747e-05
63.0175 7.73991251346931e-05
64.002 8.291258915300512e-05
65.006 8.800128658158907e-05
66.0105 9.360314187655677e-05
66.9965 9.957942919757573e-05
68.019 0.0001049095276419304
69.0025 0.00011054779801703343
70.012 0.00011619172991342297
71.0025 0.00012089754181685702
72.0065 0.00012613404474921125
73.0005 0.00013111661112359674
74.01 0.00013647870229470394
75.007 0.00014249351656085013
75.9965 0.00014798417099112088
77.002 0.00015270546901249848
78.008 0.0001573755984201619
79.0065 0.00016246953177492807
80.01 0.00016797870460855124
81.0085 0.00017238644635039074
82.0065 0.00017677701603528023
83.0185 0.00018204655033948053
84.0 0.00018701550089916114
85.014 0.00019113645488914865
85.9965 0.00019583927170744447
87.0195 0.00020032570391985416
87.9955 0.00020517309716152482
89.012 0.00020982225025425322
90.003 0.00021429736398655141
91.0155 0.0002176960011802745
92.005 0.00022232459530795168
93.003 0.00022595800520581327
94.009 0.00022960870074322653
95.008 0.00023344780130464537
96.0085 0.00023691911722301118
97.008 0.00024058641396235148
97.999 0.0002446427304973603
99.021 0.0002489107170924043
100.0055 0.0002521523353352789
100.9965 0.0002557589355652867
102.0075 0.00025955487602186134
103.0075 0.0002626092806960745
104.0065 0.0002663170896091277
105.006 0.000269046526106681
105.996 0.00027231660556557846
107.0045 0.0002753369885793444
108.009 0.0002773299738332152
109.008 0.0002809043736373418
110.007 0.0002841613983545349
111.0055 0.0002873610871312049
112.003 0.0002902494969370256
113.011 0.000293342758381554
114.005 0.0002961193184370936
115.0005 0.0002983290015871054
116.008 0.0003004981244062038
117.0075 0.0003035968732817279
118.0115 0.0003056862110270009
119.0095 0.00030847555584848085
120.01 0.00031113916341576897
121.01 0.00031261606074267645
122.002 0.0003158604931222664
123.012 0.0003177979194898539
124.005 0.00031951791929528406
125.0035 0.00032193464657485904
126.0085 0.0003243957391761837
127.0085 0.0003263722581760692
128.0025 0.0003284488621625309
129.009 0.0003311195268492634
129.996 0.00033325360122390957
131.0155 0.0003353055898589752
132.009 0.0003370189251356709
133.0055 0.0003394989281747668
134.0075 0.0003407567302312481
135.0115 0.00034377008088876115
136.0035 0.0003451539265661163
137.011 0.0003472285553226123
138.011 0.0003493483788447882
139.006 0.0003508398940541557
140.0005 0.0003531530340877276
141.007 0.00035477643923127744
142.0075 0.0003561291795132343
142.9995 0.0003582348494184373
144.015 0.0003599328031399923
145.004 0.0003623645769437467
146.0045 0.00036423995037775103
147.0085 0.00036572411599453125
148.0095 0.00036775614560087544
148.9985 0.00036899480739550905
150.0145 0.00037085819313276147
151.001 0.0003725868466318838
152.018 0.00037362902862950187
153.004 0.0003754112768293988
154.0175 0.00037705551421145234
154.9995 0.0003791084451252036
156.022 0.00038171100873081454
157.001 0.0003825250058269031
158.011 0.00038475049025542274
159.0055 0.00038617778589322693
160.007 0.0003870913790607472
161.0135 0.00038892436788456886
162.003 0.0003903072938205854
163.0145 0.0003921530989382943
164.007 0.0003944592882527548
165.01 0.0003958975091303135
166.0005 0.00039678574838857006
167.0185 0.00039922237083768464
168.0015 0.00040071045870467004
169.0245 0.00040347532341444836
170.0075 0.0004052703125646956
171.0025 0.0004059379791481327
172.007 0.000408335969801929
173.013 0.00041016541912446136
174.006 0.00041138216973238273
175.0005 0.00041274010881650613
176.014 0.0004141916489215497
177.0085 0.0004162642268303596
178.0 0.00041751986616922476
179.0095 0.0004195503251098326
180.009 0.00042101116808633543
181.003 0.0004233625246031075
182.025 0.00042493634994433815
183.0135 0.000426091913607235
184.006 0.00042818156466321866
185.0265 0.00042950990438893333
186.012 0.0004309097844350379
187.0045 0.00043287411273348897
188.0085 0.0004341120496282602
189.009 0.00043615447249628625
190.0 0.00043746351786866366
191.015 0.0004377944820721513
192.0015 0.0004398213926689182
193.0205 0.00044081042600743747
193.996 0.0004431517917840161
195.0195 0.00044432360953414185
195.9995 0.00044530310905924186
197.0215 0.0004455460113593629
198.006 0.0004473223390004111
199.0065 0.00044825565868725215
200.0005 0.0004500185346177771
201.0205 0.0004509449971701468
201.9985 0.0004519312105094736
203.0185 0.00045315031716776366
203.9955 0.0004543865118493001
205.01 0.00045533453563752213
206.005 0.0004563665060460381
207.0135 0.0004561661139301926
208.01 0.0004571201497053645
209.0065 0.0004570432658138196
210.006 0.00045825326734325045
211.005 0.00045818190045757157
212.0265 0.00045936300815276054
213.008 0.0004595340122896252
214.0065 0.00045990665327277913
214.996 0.0004607882091633847
216.0255 0.00046080474407338146
217.009 0.0004618324907411653
218.006 0.0004617833389344711
219.022 0.000461698994488155
220.003 0.00046254864088654535
221.012 0.0004631100885409828
222.004 0.00046246113573861214
223.0205 0.0004629487792971593
224.0125 0.0004625869969911156
225.0095 0.00046305724803751003
225.9995 0.0004633911572117094
227.0185 0.0004630272088893689
228.0005 0.0004625782071086132
229.0275 0.0004622281658949179
230.005 0.00046281896950965684
231.017 0.000461759428708991
232.006 0.000461610623966352
233.026 0.0004606941569491735
234.018 0.0004609573467139333
234.998 0.00046065635892719725
236.026 0.0004600861027716091
237.0125 0.00046009142150602034
238.006 0.00045896515913075586
239.017 0.000458281970025759
240.0205 0.00045766225172511055
240.9975 0.000456484735398624
242.028 0.00045599831336969043
243.0115 0.000454223782072688
244.0105 0.0004534787200239365
244.9975 0.0004522937259790333
246.0265 0.0004511398791554183
247.0145 0.0004501178927499294
248.005 0.00044894398385532386
249.0165 0.0004476297392403128
250.023 0.00044587754248581746
251.01 0.00044494369353685614
251.999 0.00044350352350761013
253.0095 0.00044159534189851246
254.0065 0.00044059033665318215
255.001 0.0004386890757273332
256.015 0.00043608843636698535
256.9955 0.0004334130821122273
258.02 0.0004314949035016391
258.9975 0.00042977316534420495
260.0145 0.00042673861999986684
260.9965 0.00042414661626634376
262.0255 0.0004224621947243046
263.015 0.0004194713755310969
263.997 0.00041755431016499145
265.015 0.00041430951637179414
265.997 0.00041170880182335445
267.02 0.0004085444959829182
268.003 0.00040604476939298806
269.022 0.00040334271730224636
270.0065 0.00040114895272462536
271.0065 0.0003976788355252586
272.016 0.00039458791093546774
273.01 0.0003912004562725141
274.0045 0.00038719773625571496
275.0135 0.0003838560435295568
276.01 0.00037995401241995574
277.0105 0.00037685853806293523
277.9965 0.00037386761470276086
279.025 0.00037040747811990793
280.005 0.00036650144444465294
281.0095 0.00036298129423059655
282.003 0.00035959805233103104
283.0205 0.00035582898290852094
284.0005 0.00035100941897879545
285.0155 0.00034661214182253597
286.0045 0.0003428926044971581
287.0235 0.00033881299955097754
288.005 0.00033446042631823936
289.0115 0.000329320004547079
289.9955 0.00032454916114543764
291.0285 0.0003206276476308556
292.0115 0.000316270510317046
293.007 0.000312059894283262
294.0135 0.0003071354213754346
295.0115 0.00030324105599138784
296.005 0.0002975442053751165
297.0305 0.00029323142848772243
298.0175 0.0002881290609356643
299.003 0.00028217503878851663
300.0155 0.0002764380610050174
301.005 0.0002712018171400418
302.0155 0.0002660340249403467
303.0075 0.0002603952225588152
304.0295 0.0002548722642488968
305.0135 0.00024951928575289717
306.0055 0.00024453315276775495
307.0255 0.0002385159391489547
308.0095 0.00023334121791283163
308.9985 0.0002271988848720971
310.0285 0.0002223568224296868
311.005 0.00021654417206640186
311.9985 0.00021057459217056762
313.01 0.0002042225186381641
313.9955 0.0001979187486337991
315.0125 0.00019320016830748354
315.996 0.0001873218156778489
317.0185 0.00018080433660327966
318.0 0.00017533066666598762
319.0115 0.00016914446037737813
319.996 0.00016292363791989978
321.0185 0.0001567976558807943
321.999 0.00015091305051943837
323.012 0.00014537581271647365
323.9995 0.00013888632896426334
325.0155 0.00013274355465411544
325.9995 0.00012645663317403105
327.0045 0.00012022139350223796
328.0145 0.00011454157325573727
328.9975 0.00010873956724672881
330.018 0.00010311968398974206
331.0005 9.654245331958133e-05
332.005 9.148605270136584e-05
333.0125 8.531947200621573e-05
334.0045 7.905422059757e-05
335.0165 7.295641230607372e-05
335.9995 6.676682363472228e-05
337.004 6.065865762551123e-05
338.0135 5.504669767462077e-05
338.9995 4.9486637688759064e-05
340.005 4.386709791589019e-05
341.01 3.817443986145648e-05
342.0055 3.274612989074763e-05
343.0145 2.6536502695103173e-05
344.0005 2.146991657612108e-05
345.0195 1.6406765271565794e-05
346.0045 1.0307840363597918e-05
347.016 5.092108558721635e-06
348.003 -0.0
