28.033 0.0
29.0095 -0.0015764044162186585
30.011 -0.0031415145410167667
31.007 -0.004696358284208254
31.9965 -0.0062384363446457754
32.9945 -0.0077681019732484735
34.0085 -0.009287434173367368
35.0085 -0.010794621384650604
36.014 -0.012290273136820202
36.998 -0.013774584289481634
38.0035 -0.015247089503044209
39.0115 -0.01670817581080633
39.9975 -0.018157857550935005
41.003 -0.01959589510510011
42.02 -0.021023059866273536
43.0125 -0.022437738186715163
43.997 -0.023842076037604652
45.0015 -0.02523502042513334
46.0155 -0.026616981537569473
47.001 -0.027987748506798197
48.003 -0.029346513443910913
49.0065 -0.030694947670337626
50.0035 -0.032032450460883814
51.003 -0.03335792756651362
52.0165 -0.03467219295150615
53.0005 -0.035975401797520325
53.9985 -0.03726637345250432
55.0115 -0.03854697164021283
56.0045 -0.039816400678098024
57.017 -0.04107551483995596
58.0145 -0.0423222914196928
58.9995 -0.04355840986430513
60.003 -0.044783317541702256
61.025 -0.04599800723740405
62.0065 -0.04720117338241429
63.0 -0.04839230844472377
64.0185 -0.049572486155325224
65.0205 -0.05074172878011038
66.0065 -0.051899731887127064
67.0045 -0.05304660825799435
68.023 -0.05418212367572056
69.024 -0.05530715721744085
70.008 -0.056421005696332016
71.0045 -0.05752403290784458
72.0345 -0.05861633001796368
73.021 -0.0596973336912754
74.0075 -0.06076736998779863
75.005 -0.06182651834723754
76.0335 -0.06287451323588122
77.0235 -0.06391109538154366
78.0115 -0.06493707128794948
78.996 -0.06595219632992004
80.029 -0.06695646575726977
81.02 -0.06794958899467443
82.003 -0.06893165772021824
83.034 -0.0699037993398623
84.0265 -0.07086479815422335
85.011 -0.07181457131058835
86.002 -0.07275344224671874
86.995 -0.07368105188956636
88.0325 -0.07459701080216129
89.0245 -0.07550237603325888
90.006 -0.07639604546320888
91.0075 -0.07728070312490036
92.008 -0.07815429801137538
93.0085 -0.07901719953771602
94.0115 -0.07987006853977949
94.999 -0.08071176812117331
96.042 -0.08154182774768316
97.0335 -0.08236220545519297
98.026 -0.08317064996637906
99.018 -0.08396763603422763
99.997 -0.08475493368430707
101.033 -0.08553167346877144
102.028 -0.08629625139585938
103.0185 -0.08705043043348942
104.007 -0.08779393350746682
104.9965 -0.0885278974402301
106.0235 -0.08925083570847182
107.004 -0.08996290846585286
108.011 -0.09066434386476781
109.005 -0.09135473893040225
110.032 -0.09203484733643216
111.0155 -0.0927036994039732
111.9995 -0.09336297134689969
113.0175 -0.09401116819921868
114.0045 -0.09464836553558884
115.024 -0.09527434356878266
116.0155 -0.09588976679451368
116.999 -0.09649542645440203
118.0105 -0.09709031596281952
119.0085 -0.09767457147153005
120.0135 -0.0982483312392267
120.9955 -0.09881166480874486
122.0305 -0.09936349896308125
123.02 -0.0999056033079926
124.003 -0.10043785543496826
125.018 -0.10095858190559429
125.9975 -0.10146908450247474
127.017 -0.10196833522162281
128.006 -0.10245759594932408
128.998 -0.10293678793726416
130.0335 -0.10340500648181399
131.026 -0.10386220328391922
132.016 -0.10430931462931786
132.9965 -0.10474625805838772
134.0225 -0.10517257626372603
135.0135 -0.10558781817035735
135.995 -0.10599201064636136
137.0295 -0.10638620697376597
138.0155 -0.10677010993686767
138.998 -0.10714442702861371
140.028 -0.10750809121518119
141.018 -0.10786002643537941
141.9995 -0.10820265380443728
143.0235 -0.10853490434114577
144.012 -0.10885768132173393
145.011 -0.10916894676446982
145.9985 -0.10946999543561546
147.018 -0.10976040150118141
147.999 -0.11004107766857349
149.0305 -0.11031087999322715
150.0185 -0.11057068055900196
150.9955 -0.11082035846917367
152.0335 -0.11106032946127926
153.024 -0.11128934981059523
154.0165 -0.11150740239425051
154.9985 -0.11171560767159601
156.0375 -0.11191327116769013
157.0345 -0.11209969024168212
158.0295 -0.11227625977595157
159.022 -0.11244339142529441
160.01 -0.11259976068666007
161.0095 -0.11274603604922556
162.0085 -0.11288141879635483
163.0005 -0.11300704114604494
164.019 -0.11312206795645065
165.005 -0.11322731261291284
166.002 -0.1133224494830244
167.019 -0.11340714147507949
168.0 -0.11348130941544818
169.015 -0.11354549327349785
169.998 -0.11360020084352386
171.0215 -0.11364488501216857
172.0095 -0.11367817825833014
173.0095 -0.1137010021856452
173.995 -0.11371336059118184
175.0195 -0.11371595394036584
176.011 -0.11370883528715857
177.003 -0.11369219894289986
178.0285 -0.11366598660098838
179.023 -0.11362809855240455
180.0155 -0.11358131033309282
180.9995 -0.11352413724400981
182.0245 -0.11345659832299168
183.0195 -0.1133783267906294
184.0055 -0.11329160395969279
185.0005 -0.11319454919480877
186.033 -0.11308753194302273
187.02 -0.11297022253021358
188.0055 -0.11284257689955783
189.012 -0.11270442118898903
189.9995 -0.11255768653127719
191.039 -0.11240026211606884
192.0285 -0.11223256185283001
193.02 -0.11205409368516295
194.0135 -0.11186601656506068
194.999 -0.11166936541978234
196.0185 -0.11146207351555755
197.0035 -0.11124504090209739
198.0185 -0.11101761048004476
199.003 -0.11078075739529443
200.02 -0.11053366480766488
201.01 -0.1102771082135983
202.0105 -0.11000963579519629
202.995 -0.10973274601755094
204.021 -0.1094452191297685
205.003 -0.10914763545618483
206.022 -0.10884029258828856
207.0055 -0.10852451511060968
208.0025 -0.10819890418188396
209.04 -0.10786375379236074
210.028 -0.1075175761177964
211.0195 -0.10716251625288664
211.997 -0.10679752655482634
213.0135 -0.10642197268124354
214.003 -0.1060371186361574
215.0375 -0.10564218059771296
216.031 -0.1052382450798721
217.0155 -0.10482341321099513
217.9985 -0.10439904438192486
219.031 -0.10396521801542248
220.0165 -0.10352140102642493
220.999 -0.10306852040270167
222.029 -0.10260595730152591
223.014 -0.10213285259288102
223.9975 -0.10165041748146239
225.0125 -0.10115843274102804
225.999 -0.10065613969663735
227.02 -0.1001446015393893
228.004 -0.09962324636591788
229.0175 -0.09909264484464349
229.9995 -0.09855262378681899
231.017 -0.09800233379757138
232.005 -0.09744291843560147
233.0155 -0.09687388213999246
234.0035 -0.09629518629756725
235.0165 -0.09570664882536613
236.002 -0.09510937862276453
237.0215 -0.09450184656441246
238.0035 -0.09388462352242903
239.0085 -0.0932566521089793
239.9965 -0.09262073060381842
241.0245 -0.09197543048035389
242.0145 -0.09132059284871351
242.997 -0.09065618409472825
244.0285 -0.0899812468578498
245.0185 -0.0892973856354415
246.003 -0.08860387753986729
247.0165 -0.08790033063583415
248.0015 -0.08718855812932146
249.0165 -0.08646666292478297
250.0025 -0.08573481757111803
251.0185 -0.08499376867628994
252.0065 -0.08424285731986883
253.006 -0.08348250269257995
254.0065 -0.08271311729888702
255.009 -0.08193465064892572
256.0025 -0.08114563465581844
257.034 -0.08034757202325615
258.0235 -0.07953942471615047
259.008 -0.07872264426550428
260.0035 -0.07789614833203265
261.0335 -0.07706067272402592
262.0235 -0.07621529809526827
263.0085 -0.0753614081304027
264.011 -0.0744979740154406
264.997 -0.07362411180695433
266.0245 -0.07274023374462725
267.0085 -0.07184907302011785
268.008 -0.07094765640614778
269.0055 -0.07003706778769854
270.004 -0.06911785354858331
271.036 -0.06818856826896587
272.0195 -0.06724968108116502
273.0025 -0.06630176472995743
274.027 -0.06534424629267754
275.013 -0.06437839256329524
276.009 -0.06340357252521574
277.0085 -0.062418838809104385
278.008 -0.06142370649520479
279.006 -0.060419060187558625
279.9955 -0.059405804194696696
281.0345 -0.05838427402978115
282.0215 -0.057351636213376564
283.0135 -0.05631092591799301
283.999 -0.05526054537754545
285.0145 -0.05420112968160632
286.007 -0.053132849773489296
287.005 -0.052054974281466077
288.026 -0.050967754700187835
289.0135 -0.04987084808963857
289.998 -0.04876603092760022
291.0225 -0.04765192890270555
292.005 -0.0465271820057092
293.01 -0.04539423339237965
293.995 -0.044252608820308945
295.0215 -0.04310181191023047
296.014 -0.041941566478001735
297.001 -0.04077204594868626
298.0255 -0.03959394428130855
299.012 -0.0384060196653142
300.0015 -0.037208979287966806
301.014 -0.03600327135023566
302.0035 -0.03478863346196317
303.02 -0.03356471509110578
303.996 -0.03233118915746234
305.0135 -0.03108834642953189
306.0035 -0.0298364976498188
307.0205 -0.028576018460931968
308.007 -0.02730541880979445
308.9965 -0.02602599496553691
310.0215 -0.024738153314543158
311.013 -0.02344076193593157
312.0 -0.022134497662413558
313.013 -0.020819686386014363
313.9975 -0.01949529378569541
315.005 -0.01816241300901817
316.0075 -0.01681923237319621
316.9965 -0.01546786324153435
318.0175 -0.014106860740053483
319.003 -0.012736722009741035
320.009 -0.011358498156464673
320.9965 -0.009971286797241538
322.022 -0.008574233721136248
323.011 -0.007168405532291967
324.0055 -0.0057533554484816025
325.0245 -0.004328397018530004
326.007 -0.002895284314240457
327.006 -0.0014515023651646211
328.027 0.0
