48.002 0.0
48.9985 -0.0014099123015815394
50.0065 -0.0028095808325274817
51.001 -0.004197574293621522
52.0 -0.00557682888952281
53.0045 -0.00694558472778593
54.001 -0.008304586875982466
55.0055 -0.009653721162391929
55.9985 -0.010991956657021528
56.998 -0.012320907282426552
58.0025 -0.013639348516366051
59.0005 -0.014946830465900927
60.0125 -0.016244894838606225
61.006 -0.01753366722079264
62.001 -0.018813154451718453
63.009 -0.020082767073751968
64.0075 -0.021341891267685913
64.999 -0.022591264682252643
66.0095 -0.023830614453532902
67.0045 -0.025061197656828692
68.0 -0.026280706842243186
69.0125 -0.027490884130325733
70.0005 -0.028691224886139656
71.006 -0.029881443168070176
72.009 -0.031061313232859388
72.999 -0.03223224804825277
74.001 -0.03339310758512666
75.0 -0.03454335181868266
75.997 -0.03568537385930579
76.9965 -0.036816809362040265
78.003 -0.03793832419775528
79.008 -0.039050016254131736
80.011 -0.040151727670296226
81.001 -0.04124447561940952
82.003 -0.042327362399691836
83.003 -0.04340031369730329
84.0135 -0.0444637320414127
85.0005 -0.045517052891006764
86.0075 -0.04656220126985693
87.0 -0.047596335683077466
88.0025 -0.048622901535076236
89.0085 -0.04963886472704102
89.9985 -0.05064570214019357
91.0045 -0.051643119076030315
92.007 -0.05262923599696336
92.9995 -0.053606919834390504
94.0045 -0.05457394605181527
95.005 -0.05553075028785267
96.0 -0.05648005767099926
97.0005 -0.05741854443265662
98.0 -0.05834793766588157
99.0115 -0.059266151767987434
100.0045 -0.060173835061748816
101.0005 -0.06107388242165592
102.008 -0.061963002727017324
102.9955 -0.06284245633905251
104.0005 -0.06371364581271703
105.0075 -0.06457488914976935
105.995 -0.06542626133312103
107.005 -0.06626742545804654
108.004 -0.06710043709213437
109.01 -0.06792361788990695
110.005 -0.06873704770285662
111.0175 -0.06954033728062398
112.007 -0.07033466015027974
112.996 -0.07111919697091165
113.9995 -0.0718929353081478
115.0075 -0.07265872925845171
116.005 -0.07341457989921017
117.0025 -0.07416060275264895
118.007 -0.07489609953635196
119.003 -0.07562316621541716
120.0015 -0.07634126490243187
121.011 -0.07704933021184436
122.006 -0.07774767200619644
123.0 -0.07843683942477929
124.005 -0.07911666513940091
125.006 -0.07978684333574126
126.0075 -0.08044735817990534
126.9995 -0.08109789457544248
128.0025 -0.08173884540702714
129.004 -0.08237132880549933
130.007 -0.08299556818705
131.0125 -0.0836088053054972
132.0075 -0.08421169006659315
132.9975 -0.08480749750226765
134.0025 -0.08539328818968876
135.0145 -0.08596832434701236
135.998 -0.08653345891590179
137.0045 -0.08708849700981325
138.0055 -0.08763529516806533
138.9955 -0.0881725312302716
140.0005 -0.0887000428753307
141.005 -0.08921807342048112
142.012 -0.08972706807597322
143.007 -0.0902273651978675
144.0055 -0.09071749757671083
145.0125 -0.09119784285881437
145.999 -0.09166839474630892
147.014 -0.09213018448006723
148.004 -0.09258176149775675
149.0025 -0.09302474159683764
150.0015 -0.0934591119956278
151.004 -0.09388310864105501
152.004 -0.09429922841879614
153.0135 -0.09470459153325825
154.002 -0.09510084870160092
155.005 -0.09548776968581302
156.005 -0.09586508965534375
157.019 -0.09623315704066895
158.004 -0.09659172690345448
158.998 -0.09694142593887069
160.004 -0.09728140323189798
161.017 -0.0976115003086285
162.002 -0.0979327029018449
163.016 -0.09824446134436184
164.0095 -0.098547313434505
165.004 -0.0988409045343355
166.0005 -0.0991247445710597
167.007 -0.09939818471992003
167.995 -0.099662597961382
168.9995 -0.09991859237827633
170.0105 -0.10016494672987722
171.0035 -0.10040110909998955
172.0045 -0.10062890061567001
173.012 -0.10084718422534358
173.9965 -0.10105701134625777
175.0025 -0.10125686052606325
176.0075 -0.10144858398887656
177.008 -0.10162929200427631
178.0155 -0.10180133270926159
178.9955 -0.10196415513421164
179.998 -0.10211806872320635
181.015 -0.10226256341912787
181.9975 -0.10239729443594758
183.005 -0.10252251295402352
184.0175 -0.10263861183361317
185.0015 -0.10274484161538598
186.003 -0.10284326254651999
187.01 -0.10293218593171413
187.996 -0.10301099716027508
189.0005 -0.10308087615139877
190.0105 -0.10314077199988915
190.9995 -0.10319368398382871
192.004 -0.10323586294085747
193.0145 -0.1032697343307357
194.002 -0.10329406913913475
195.011 -0.10331028585606418
196.0045 -0.103315737119963
197.02 -0.1033116755397304
198.004 -0.10329931809468021
199.007 -0.10327851964328409
200.0075 -0.10324791644615479
200.996 -0.10320838111051885
202.005 -0.10316012218311067
203.0105 -0.10310236929445696
203.9955 -0.10303598413156233
205.0035 -0.10296000645276902
206.0175 -0.10287442459094855
207.002 -0.10277964094235298
208.0135 -0.1026753127150457
208.9985 -0.10256261682167071
210.005 -0.10244041862918554
211.0085 -0.10231197851367375
212.0055 -0.10217173132378206
213.0 -0.10202189875860983
214.0135 -0.10186355553808413
214.998 -0.10169546919639524
216.0085 -0.10151981789308764
217.014 -0.10133333706842404
217.996 -0.10113944219987334
219.0015 -0.1009357822665064
220.009 -0.10072329019345962
221.005 -0.10050149375232761
222.0065 -0.10026899017087719
223.016 -0.10002806915117843
224.0055 -0.09977814392160173
224.995 -0.09952005774452369
225.998 -0.09925295357058946
227.0115 -0.09897665639153842
228.0 -0.09869126968885605
229.0065 -0.09839656617197504
230.009 -0.09809301962026751
231.002 -0.09778067161261736
232.0155 -0.09745904472586446
233.015 -0.09712818051433675
233.9965 -0.09678827164898501
235.0 -0.09643947233341196
236.0205 -0.09608162318294025
237.0075 -0.09571524291797193
238.006 -0.0953391565097813
239.0025 -0.09495416619542127
240.023 -0.09456038745450249
241.0075 -0.09415719414512064
241.9955 -0.09374578722532115
243.0005 -0.09332579018745592
244.0215 -0.09289626525037525
245.0055 -0.09245817489274626
246.0065 -0.09201024163404897
247.0085 -0.09155398719595062
248.009 -0.09108830959323755
248.996 -0.09061415609269315
250.002 -0.09013080022289116
251.0175 -0.08963838913464985
252.006 -0.08913678912729281
252.999 -0.08862669291250423
254.0195 -0.08810721131069792
255.02 -0.087578426849356
256.0055 -0.08704164788674779
256.9975 -0.08649589467090979
258.011 -0.08594089271478443
259.009 -0.08537715344895327
260.0035 -0.08480474060221804
261.006 -0.08422320361071353
262.0145 -0.08363304750656654
262.9995 -0.08303319360925891
264.017 -0.08242443077060767
265.007 -0.08180653350544174
266.0045 -0.0811801760413097
267.0005 -0.08054487488899381
268.005 -0.079901103590124
269.01 -0.0792487229517034
269.9965 -0.07858793327294478
271.0 -0.07791674090380916
272.0095 -0.07723804321441237
273.0095 -0.07655022957311158
273.996 -0.07585414743822311
275.002 -0.07514786613649395
276.0075 -0.07443310653895208
276.996 -0.07370985907784589
278.001 -0.07297764746218217
279.01 -0.0722373888993683
280.0045 -0.07148690960131861
281.002 -0.07072807769529904
282.0115 -0.0699596976898461
283.0 -0.06918364653208409
284.0005 -0.0683986808948755
285.014 -0.06760685457161185
286.0015 -0.0668041513326241
286.998 -0.06599210622917473
288.0075 -0.06517197809966038
289.0025 -0.06434452913137724
290.0005 -0.06350697899091436
291.003 -0.06266031619544563
292.0175 -0.06180431269387325
293.006 -0.0609400251423883
293.9965 -0.060067419893851975
295.0 -0.05918568160501231
296.012 -0.05829573355630421
296.998 -0.05739697533476104
298.0245 -0.05648911958481557
299.011 -0.055572251731679255
299.996 -0.05464878351485427
301.0235 -0.05371501090710939
302.013 -0.0527721455266736
302.998 -0.051820730318313364
304.025 -0.05086025431338437
305.0175 -0.04989145501316999
306.008 -0.04891353680741074
306.9965 -0.04792733440625615
308.026 -0.04693147392498801
309.021 -0.04592523997709318
310.0115 -0.04491266169416719
311.001 -0.043891709416460506
312.0175 -0.04286211386551238
313.023 -0.04182331696005628
314.017 -0.04077549464961547
315.0085 -0.039719308369156006
315.9975 -0.0386541511550878
317.0195 -0.03758008524380099
318.013 -0.03649720233293739
318.9995 -0.035406171523453815
320.022 -0.03430613893770321
321.005 -0.03319861293056642
322.015 -0.03208137994117688
323.0035 -0.030955541998762662
324.0145 -0.02982165176554918
324.9985 -0.028678704959282666
326.02 -0.027527264799971685
327.0035 -0.026367930598101847
328.0155 -0.025200664923649578
329.0005 -0.024022501487284992
330.006 -0.02283638144231913
330.997 -0.0216417399895272
332.023 -0.020438082956927454
333.011 -0.019225423129457225
333.996 -0.0180048510192823
335.025 -0.016775770415475275
336.015 -0.015537143734678252
337.0025 -0.014290336352381857
338.025 -0.01303417102181788
339.0145 -0.011769263062865671
340.0035 -0.010496699961595775
341.021 -0.009214327006617128
342.009 -0.007924456900864733
342.998 -0.006625414923350766
344.0195 -0.005317594936366247
345.0155 -0.003999881675834562
346.005 -0.002675829918572022
347.0185 -0.0013422044675323248
348.007 2.168404344971009e-19
