48.0035 0.0
49.001 -0.001577398766856336
50.013 -0.00314214028363009
51.008 -0.004694910078076982
52.016 -0.00623631566713347
53.002 -0.007765873627767213
54.001 -0.009283203902923075
55.0025 -0.010790221332433037
56.003 -0.012285632523048139
57.0055 -0.013769041260346762
57.9965 -0.015241000246826123
59.008 -0.016701199247231294
60.0 -0.018149858212983632
61.0005 -0.019587665520651838
62.005 -0.021013500946034224
63.0005 -0.022428292900090227
64.009 -0.023831531356859562
65.0055 -0.025223773208278018
65.9985 -0.02660500551418347
67.008 -0.027974478054576753
68.004 -0.029332304098248243
69.016 -0.030679027976946636
69.9975 -0.032014535649585736
71.002 -0.03333838353634707
72.0005 -0.034651568130852906
73.005 -0.035953510203035555
74.0075 -0.03724408946286044
75.01 -0.038523394996422274
75.9985 -0.039792229909207805
77.0005 -0.04104966590219822
77.9995 -0.04229563165220066
79.0 -0.04353071156275634
79.9955 -0.04475443743123379
81.0005 -0.04596765391542987
82.004 -0.04716897260225116
83.0025 -0.04835912458542942
84.0 -0.049538244065823196
85.0 -0.050706048936689424
85.998 -0.05186279297357941
87.0 -0.05300861894203555
88.0065 -0.054143571006194297
89.0085 -0.055267490129640655
90.001 -0.0563801498282156
91.0055 -0.057481810540140024
91.996 -0.05857318031035508
93.0005 -0.059653136737436614
94.0015 -0.060722142298990874
95.01 -0.061779534317954354
96.0045 -0.06282623600206168
97.015 -0.06386200089691073
97.9965 -0.0648860833304642
98.9995 -0.0658993441774978
100.004 -0.06690143748177896
101.008 -0.06789309892494597
102.006 -0.06887362987345913
102.9955 -0.06984291762226799
104.0015 -0.0708015626470932
104.9975 -0.07174991652052737
106.016 -0.0726871894982235
107.007 -0.07361363274813017
107.9955 -0.07452866556206555
108.9985 -0.07543267707333103
110.012 -0.07632641308694937
111.0085 -0.0772094548171193
112.013 -0.07808129394741914
112.9955 -0.07894312657441764
114.0005 -0.07979364174449839
115.0145 -0.08063299148998367
116.0065 -0.08146156216498897
117.005 -0.08227958631658218
118.008 -0.08308626463300417
118.996 -0.08388257436102607
120.001 -0.0846679199723834
121.0115 -0.08544269694596278
121.9965 -0.08620681727792724
123.0045 -0.08695992853238617
124.005 -0.08770208807116509
125.011 -0.0884337585222788
126.008 -0.08915439541809445
126.9975 -0.08986486727172806
128.001 -0.09056425139005973
129.009 -0.09125343796817242
130.007 -0.09193169087078358
131.001 -0.09259943986504465
132.002 -0.09325610183738957
133.0185 -0.09390238473352087
133.9975 -0.09453832931563144
135.011 -0.09516353810863956
136.0025 -0.09577820565202168
137.0005 -0.09638201606686095
138.0 -0.09697549200415252
139.006 -0.09755849133939234
140.0065 -0.0981314310029225
141.0095 -0.09869369821317361
141.9985 -0.0992447279288945
143.003 -0.09978495944102453
144.002 -0.10031452233765269
145.016 -0.10083395015944195
146.0 -0.10134294375551617
146.9995 -0.10184110286600793
148.0105 -0.10232891903269979
148.996 -0.10280722489096925
150.0005 -0.1032743614040202
151.0055 -0.10373080048917693
152.005 -0.10417637941937402
153.003 -0.10461133732658173
154.003 -0.10503631101579829
155.009 -0.10545179797747364
156.0085 -0.1058559702738669
156.998 -0.10625017247194447
158.0005 -0.10663352546896301
159.007 -0.10700692644584577
159.998 -0.10736932475798525
161.0035 -0.107720845309719
162.011 -0.1080618993366629
163.0065 -0.10839334401956148
163.999 -0.10871387149116717
165.013 -0.10902424716296433
166.0085 -0.10932409634150422
167.0075 -0.10961409776866093
168.0095 -0.10989335829376859
169.002 -0.11016236171301595
170.0015 -0.11042116879895307
171.015 -0.11066971721382136
172.0035 -0.11090802715726725
173.0035 -0.11113600986843516
174.0045 -0.11135384905911283
175.007 -0.11156186326438533
176.005 -0.11175933404100347
177.0055 -0.11194599010943182
178.0015 -0.11212257411535886
179.01 -0.11228882433773787
180.0025 -0.11244531196388932
181.005 -0.11259127486649853
182.0135 -0.1127263669889234
182.999 -0.11285170823597354
184.016 -0.11296692315189016
185.0045 -0.11307198298817989
186.0135 -0.11316703910705553
187.0105 -0.11325125946433594
188.0045 -0.11332588225538061
189.003 -0.11339009913800835
190.0165 -0.11344408893526663
191.005 -0.11348921160013359
192.0175 -0.11352349195322345
192.9965 -0.11354815500739682
194.009 -0.11356277259219472
195.0105 -0.1135667829358289
196.003 -0.11356077561522683
197.0185 -0.11354373233204876
198.01 -0.11351660705160967
199.009 -0.11347969992703505
200.0045 -0.11343254639679826
201.022 -0.11337596206630081
202.008 -0.11330901621022056
202.9965 -0.11323267786328
204.0215 -0.11314610622361596
205.0105 -0.11304862318201621
205.996 -0.11294227076205533
207.0205 -0.1128254032952628
208.0105 -0.11269799317304866
209.0095 -0.11256084806635158
209.999 -0.11241369573244536
211.019 -0.11225674989289378
211.9965 -0.11209002617561287
213.016 -0.11191297554184157
214.0 -0.11172556573709211
215.025 -0.11152839574788795
216.017 -0.11132197653821892
217.005 -0.11110545120774012
218.025 -0.1108783506949652
219.014 -0.11064150204328825
219.997 -0.11039578065871329
221.029 -0.1101393064579927
222.015 -0.1098738250648402
223.005 -0.10959781023436982
224.0225 -0.10931128053581941
225.0235 -0.10901511797707134
225.998 -0.10870949539302967
227.0215 -0.10839380613210199
228.005 -0.10806889988925614
229.0225 -0.1077336434731447
230.006 -0.10738824486645385
231.0075 -0.10703295240434087
232.01 -0.10666875702485919
233.0045 -0.10629466565289766
234.0095 -0.10591053667360145
235.016 -0.1055167580809449
236.0 -0.10511328717358157
237.0225 -0.10469957604842267
238.0105 -0.10427660717585192
239.0045 -0.1038436611235878
240.0145 -0.10340049441324808
241.0165 -0.10294745694541463
242.0 -0.10248529881102775
243.004 -0.10201326550137978
244.012 -0.101531333513875
244.998 -0.10104013044407006
246.0185 -0.100539070244019
247.0035 -0.10002873392456466
248.023 -0.09950841296822126
249.0105 -0.09897829642233782
249.9955 -0.09843949513563835
251.0235 -0.09789044588749822
252.011 -0.09733118257974048
252.9965 -0.09676250977589798
254.023 -0.09618460534799403
255.01 -0.09559572262834139
256.003 -0.0949987205463626
257.023 -0.0943916512937201
258.006 -0.09377539620183603
258.9955 -0.09314985470266403
260.0245 -0.09251462350393112
261.014 -0.09186955166026768
261.9955 -0.09121553223150056
263.0205 -0.09055123576704995
263.999 -0.08987730467337399
265.0185 -0.08919350540611128
265.996 -0.08850105975066624
267.02 -0.08779843152887291
267.996 -0.08708619763362647
269.0205 -0.08636493973921519
270.006 -0.08563435786860091
271.0045 -0.08489361077356472
272.0225 -0.0841437123752195
273.0105 -0.08338408997539938
273.9955 -0.08261531604355195
275.0205 -0.08183754110069635
276.0155 -0.08104979127256848
277.0 -0.08025318727020016
278.024 -0.07944706497043257
279.0145 -0.07863035043485332
279.9955 -0.07780440610086023
281.021 -0.07696909869872626
282.0085 -0.07612478158351331
283.01 -0.07527128702729467
283.9965 -0.07440879057155153
285.0265 -0.07353583248241202
286.018 -0.07265304392620456
286.9995 -0.07176159753135047
288.027 -0.07086078302508299
289.019 -0.06995046622539067
290.0035 -0.06903099364641009
291.0245 -0.06810236459373592
292.0125 -0.06716344631959935
293.01 -0.0662154820661321
294.002 -0.0652582625882996
295.026 -0.06429260271044537
296.0065 -0.06331767482960908
297.007 -0.06233339173080634
298.029 -0.06133949223859419
299.015 -0.0603362066166113
300.0015 -0.05932409004440612
301.025 -0.05830253776139516
302.011 -0.057272164668664055
303.0015 -0.05623212105165497
304.0005 -0.05518316546558477
305.0105 -0.05412456767502164
306.0005 -0.053057307772789726
307.0145 -0.05198077342112713
307.998 -0.050894946401649335
309.0185 -0.049800051450685195
310.0 -0.048696249397808665
311.0145 -0.04758333680787814
311.9985 -0.04646078756930366
313.012 -0.045329251657548676
314.0 -0.04418815473356327
315.021 -0.04303728233140574
316.005 -0.04187779861906322
317.009 -0.04070965969627911
317.996 -0.03953186455739718
319.011 -0.03834522677237499
320.005 -0.03714971629037862
321.028 -0.03594533052980699
322.01 -0.03473180538921501
323.0055 -0.03350846277588732
324.025 -0.032275981782288465
325.005 -0.03103512408079443
326.008 -0.029784927530240736
326.9965 -0.028525675772108225
328.024 -0.027257150510951306
329.0095 -0.025979993475664195
329.998 -0.024693522860916275
331.021 -0.02339820943152452
332.0125 -0.022093369889386812
332.9995 -0.020779343697181152
334.013 -0.019456318612218703
335.003 -0.018124878230071785
336.016 -0.016784471578676217
337.0015 -0.015435454021765256
338.0105 -0.014077113257983073
339.0045 -0.012709995168563148
340.0185 -0.011333253052847063
341.0055 -0.009948378128998746
342.0045 -0.008553910497153035
343.02 -0.007151040874652884
344.0065 -0.005738689146522465
345.0015 -0.004317255783119002
346.0245 -0.0028871271952331983
347.011 -0.0014479759736848131
348.003 0.0
