!---------------------------------------------------------------------------------
!SCANNED AXIS: Motor5
!KIND OF MOVEMENT: Absolute
!START POSITION: 47.9965 mm
!STOP POSITION: 348.0065 mm
!NUMBER OF STEPS: 300
!STEP VALUE: 1.0 mm
!SCAN TIME: 0.1 s
!---------------------------------------------------------------------------------

47.9965 -0.001798674417151681    -843.4     164.0
48.9995 -0.001787396624852653    -836.8     168.2
50.0045 -0.001775082400665848    -829.6     166.3
50.9990 -0.0017639005050043512    -823.1     166.2
52.0020 -0.0017519681044020428    -816.1     165.8
53.0005 -0.0017407301104868794    -809.5     165.9
54.0010 -0.001728862521052115    -802.6     165.5
54.9970 -0.0017171668372763804    -795.8     166.4
56.0020 -0.0017054589250937362    -788.9     167.4
57.0025 -0.0016938238433805832    -782.1     168.6
58.0050 -0.001681996710478687    -775.2     169.2
59.0005 -0.00167096928426601    -768.8     170.8
60.0020 -0.0016596114546345508    -762.1     171.3
61.0015 -0.00164823129637353    -755.5     172.4
61.9985 -0.0016366738535119633    -748.7     171.7
62.9995 -0.0016262713831763599    -742.6     172.0
64.0025 -0.0016137675353297524    -735.3     171.2
65.0035 -0.0016026142328653384    -728.8     171.1
65.9980 -0.0015912470531251118    -722.1     170.3
67.0020 -0.0015797611654117718    -715.4     170.7
68.0010 -0.0015683321331847065    -708.7     170.0
69.0130 -0.0015568515402784354    -702.0     170.2
70.0075 -0.001545627023703531    -695.5     171.3
70.9965 -0.0015343288590700251    -688.9     171.5
72.0000 -0.0015233931170191616    -682.5     173.7
72.9985 -0.0015124692249658144    -676.1     175.2
74.0030 -0.001502645959111665    -670.3     177.4
75.0055 -0.001489662486322371    -662.8     177.5
75.9995 -0.0014787067683553886    -656.4     177.9
76.9950 -0.0014672009388277862    -649.6     177.2
78.0005 -0.0014562660782568356    -643.2     177.6
79.0000 -0.0014446992434999815    -636.5     177.2
80.0030 -0.0014338395591937815    -630.1     177.1
81.0035 -0.0014227485298951804    -623.6     176.5
82.0030 -0.001411292610831349    -616.9     177.2
82.9965 -0.0013997761396751765    -610.2     176.8
84.0085 -0.001389061081386573    -603.9     177.4
85.0035 -0.0013777145165852415    -597.3     178.0
86.0050 -0.0013672185366954699    -591.2     179.4
86.9990 -0.0013560435421698885    -584.6     179.4
88.0035 -0.0013451873835159756    -578.3     180.8
88.9985 -0.0013338781608423925    -571.7     181.2
90.0040 -0.0013226992524972463    -565.2     182.8
90.9965 -0.0013117197208295647    -558.7     182.3
92.0045 -0.0013009473891654303    -552.4     182.0
93.0035 -0.0012894747179561527    -545.7     181.0
94.0020 -0.0012786188870991496    -539.4     181.8
95.0000 -0.0012672687691103646    -532.7     180.7
96.0005 -0.0012566579838963578    -526.5     180.4
96.9955 -0.0012451730736210381    -519.8     179.9
98.0000 -0.0012345116140425128    -513.6     180.3
99.0070 -0.0012225664601274657    -506.6     181.5
100.0070 -0.0012126282077236216    -500.8     182.3
101.0060 -0.0012016894334186008    -494.4     183.2
102.0065 -0.0011912267688081158    -488.3     183.8
103.0005 -0.0011802160426624961    -481.9     185.8
103.9965 -0.0011697341528164873    -475.7     185.3
105.0025 -0.0011578300743179922    -468.8     185.7
106.0050 -0.0011466920200409105    -462.3     184.5
107.0030 -0.001135826425378414    -455.9     185.3
108.0015 -0.0011250348035543726    -449.6     184.4
109.0005 -0.0011144797704768811    -443.4     184.2
110.0000 -0.001103285749976704    -436.9     183.9
111.0020 -0.00109132389531388    -429.9     183.9
112.0030 -0.001080516173267017    -423.6     183.5
113.0015 -0.0010698029033358461    -417.3     184.1
114.0005 -0.0010595521319441041    -411.3     184.7
115.0025 -0.0010490315137856373    -405.2     186.2
116.0030 -0.0010384077156139718    -399.0     186.9
117.0045 -0.001027756435352283    -392.7     189.3
118.0045 -0.0010162761242432949    -386.0     189.2
119.0005 -0.0010050962534127476    -379.5     190.1
119.9990 -9.94843282590351E-4    -373.5     189.1
120.9990 -9.84486976790093E-4    -367.4     189.1
121.9995 -9.736983771271455E-4    -361.1     188.6
122.9980 -9.628042615169522E-4    -354.8     188.8
123.9995 -9.522313532016449E-4    -348.6     187.8
125.0000 -9.409684108320883E-4    -342.0     188.9
125.9965 -9.307540700054082E-4    -336.0     187.6
127.0010 -9.194524876092806E-4    -329.4     188.5
127.9955 -9.095570177331206E-4    -323.6     187.8
129.0010 -8.986951014412825E-4    -317.3     189.3
130.0005 -8.881654087341777E-4    -311.1     189.5
131.0060 -8.764320371346746E-4    -304.3     190.8
132.0085 -8.660132066912052E-4    -298.2     191.8
133.0100 -8.55838679462805E-4    -292.2     193.2
133.9980 -8.447233810504846E-4    -285.7     193.8
134.9990 -8.343343412757898E-4    -279.7     193.9
136.0020 -8.231726554551599E-4    -273.1     193.4
136.9985 -8.129398897736781E-4    -267.1     194.7
138.0055 -8.01723090825734E-4    -260.6     193.9
138.9965 -7.904092792786741E-4    -254.0     193.6
140.0030 -7.801713253803734E-4    -248.0     194.6
141.0045 -7.703857434567843E-4    -242.3     194.0
142.0050 -7.596072411946126E-4    -236.0     194.8
143.0000 -7.490664681188309E-4    -229.8     195.2
144.0025 -7.392289870848454E-4    -224.1     196.7
145.0015 -7.287787283144123E-4    -217.9     196.9
146.0100 -7.180760757057329E-4    -211.7     199.1
147.0040 -7.082957934938075E-4    -206.0     199.1
148.0030 -6.974313196288632E-4    -199.6     199.3
149.0025 -6.852934103814146E-4    -192.5     197.7
150.0035 -6.756011637748294E-4    -186.9     198.0
151.0030 -6.64927800999169E-4    -180.6     197.3
152.0000 -6.545952231700278E-4    -174.6     197.8
153.0050 -6.442410132165916E-4    -168.5     196.6
154.0000 -6.33501405781588E-4    -162.2     197.7
155.0035 -6.229726440160041E-4    -156.1     197.4
156.0010 -6.131407510453501E-4    -150.3     198.3
157.0000 -6.024444259542235E-4    -144.1     198.6
158.0010 -5.919069093899255E-4    -137.9     200.1
159.0000 -5.816629881907814E-4    -131.9     200.1
160.0155 -5.706535472787509E-4    -125.5     202.6
160.9975 -5.604591809842169E-4    -119.5     202.8
162.0055 -5.500439223453153E-4    -113.5     203.0
162.9980 -5.39697289042359E-4    -107.4     202.0
164.0000 -5.292419349521483E-4    -101.3     202.4
165.0000 -5.190185480056915E-4     -95.3     201.5
166.0070 -5.082245972104979E-4     -89.0     201.9
166.9975 -4.981127607843675E-4     -83.1     200.8
167.9995 -4.8740989986859577E-4     -76.8     201.1
169.0020 -4.7727169579533306E-4     -70.9     200.5
170.0095 -4.669421943744071E-4     -64.9     202.0
170.9980 -4.56879860714818E-4     -59.0     201.5
171.9990 -4.4688432578218393E-4     -53.1     203.0
173.0060 -4.353999467752345E-4     -46.4     203.5
174.0040 -4.2517656641081087E-4     -40.5     203.7
175.0005 -4.153049678612776E-4     -34.7     205.1
176.0045 -4.053919082026354E-4     -28.9     204.5
177.0025 -3.944316506744667E-4     -22.5     204.5
177.9950 -3.8466466778386467E-4     -16.8     204.4
179.0020 -3.742531216388743E-4     -10.7     204.1
180.0040 -3.64023485785274E-4      -4.7     203.4
181.0005 -3.52810290206654E-4       1.8     204.1
182.0040 -3.428913183539558E-4       7.6     203.3
183.0120 -3.3247887980205395E-4      13.7     204.0
184.0010 -3.228642524866936E-4      19.4     203.6
185.0045 -3.1288698967383525E-4      25.2     205.4
186.0010 -3.024079108132785E-4      31.3     205.5
187.0015 -2.917293440290564E-4      37.6     207.5
188.0040 -2.825139120257072E-4      42.9     207.6
189.0045 -2.732510290462151E-4      48.4     208.5
190.0100 -2.626970732003199E-4      54.5     207.5
191.0065 -2.5157602694631144E-4      61.0     206.6
192.0155 -2.4118065942148404E-4      67.1     206.8
192.9965 -2.307720944423178E-4      73.2     206.1
194.0125 -2.2157820941951547E-4      78.6     206.5
195.0060 -2.1174196519024985E-4      84.3     207.0
195.9965 -2.015897231647798E-4      90.3     206.3
197.0065 -1.912541925231316E-4      96.3     207.8
198.0040 -1.803939584256665E-4     102.6     207.8
199.0175 -1.7037201224532068E-4     108.5     209.0
200.0005 -1.6084719948733592E-4     114.1     210.0
201.0160 -1.5055661855733473E-4     120.1     211.7
201.9970 -1.407410953718876E-4     125.8     211.7
203.0125 -1.3014368593993223E-4     132.0     213.8
204.0015 -1.210486151851893E-4     137.3     213.8
205.0105 -1.0956415573209172E-4     144.0     213.4
206.0085 -1.002899268485382E-4     149.5     212.7
207.0055 -8.905642613960498E-5     156.0     212.5
208.0010 -7.948270955287132E-5     161.6     213.9
209.0030 -6.916241586768004E-5     167.7     212.5
210.0185 -5.958299189703268E-5     173.3     212.6
211.0035 -4.9330311429310546E-5     179.3     211.6
212.0175 -4.001513991929715E-5     184.7     212.6
213.0080 -2.97326927668662E-5     190.7     213.0
214.0090 -1.9697338314078864E-5     196.6     214.1
215.0070 -1.048249328874023E-5     202.0     215.6
216.0070 4.768191026102732E-7     208.4     216.1
217.0060 1.0310740060520127E-5     214.1     216.8
218.0075 2.005514195084998E-5     219.8     215.8
219.0035 2.924667728809714E-5     225.2     216.1
220.0040 3.9902102323562836E-5     231.4     215.6
221.0050 5.004369319520311E-5     237.4     215.3
222.0160 5.960937725515356E-5     242.9     215.7
223.0035 6.981606701427859E-5     248.9     214.8
224.0170 7.971256891834058E-5     254.7     215.3
225.0000 8.895339362796E-5     260.1     214.6
226.0195 9.935749127166688E-5     266.2     216.4
226.9960 1.0915756852632068E-4     271.9     216.4
228.0185 1.1960909362234874E-4     278.0     218.6
229.0105 1.2850911483662088E-4     283.2     218.7
230.0080 1.382930661795434E-4     288.9     219.5
231.0100 1.475887076821624E-4     294.4     218.9
232.0080 1.5921475071300554E-4     301.2     218.2
233.0145 1.6806694557068786E-4     306.4     217.5
234.0050 1.7808706259329332E-4     312.2     216.5
235.0005 1.8797719456113368E-4     318.0     216.9
236.0040 1.970223284960346E-4     323.3     216.4
237.0105 2.070658027820445E-4     329.2     217.1
238.0035 2.1696691017119424E-4     334.9     216.9
239.0205 2.2691773744860306E-4     340.8     218.5
240.0010 2.3552827630511048E-4     345.8     218.9
240.9985 2.466907565081949E-4     352.3     221.0
242.0110 2.565617457913828E-4     358.1     221.2
243.0095 2.661441333458265E-4     363.7     222.2
244.0110 2.7501395354468804E-4     368.9     222.2
245.0125 2.8512564900633826E-4     374.8     221.1
246.0045 2.947613394019313E-4     380.4     219.9
247.0005 3.049535618311749E-4     386.4     220.7
248.0105 3.1428634928818956E-4     391.8     220.3
249.0065 3.234862533320238E-4     397.2     220.2
249.9975 3.3358736466973445E-4     403.1     220.2
251.0110 3.439735024281779E-4     409.2     219.6
251.9990 3.528788117169239E-4     414.4     219.0
253.0160 3.6325381758000154E-4     420.5     220.7
254.0090 3.729082952047748E-4     426.1     222.2
254.9970 3.8225039563998583E-4     431.6     221.9
256.0090 3.9146262147667885E-4     436.9     224.3
257.0105 4.01506156581927E-4     442.8     224.5
258.0050 4.1072260379410133E-4     448.2     223.7
259.0165 4.2053750448776603E-4     453.9     224.4
260.0040 4.2970455594004995E-4     459.3     223.9
261.0145 4.3931282598570645E-4     464.9     224.3
262.0010 4.4933828130060176E-4     470.8     223.8
263.0130 4.5911968274597815E-4     476.5     224.9
264.0100 4.692054273888042E-4     482.4     224.5
264.9965 4.785729697314329E-4     487.9     224.6
266.0050 4.8785000319567036E-4     493.3     226.3
267.0045 4.973752842824613E-4     498.9     226.4
268.0045 5.074615325614782E-4     504.8     227.3
269.0145 5.163725828374458E-4     510.0     229.4
269.9950 5.256185003969208E-4     515.4     229.0
271.0095 5.352635842501166E-4     521.0     230.3
272.0050 5.452260877719607E-4     526.8     228.5
273.0090 5.545315354571603E-4     532.3     228.5
274.0015 5.642926982640036E-4     538.0     227.2
275.0170 5.740444580231856E-4     543.7     228.0
276.0045 5.835689078033529E-4     549.3     227.6
277.0050 5.92494595835867E-4     554.5     227.6
277.9955 6.023564822641793E-4     560.2     226.6
278.9985 6.10749020149469E-4     565.1     227.5
279.9965 6.202911169948911E-4     570.7     227.1
281.0100 6.303967645892624E-4     576.6     228.3
282.0075 6.393244945557372E-4     581.8     229.0
283.0095 6.490816155017531E-4     587.6     229.9
283.9960 6.578661105132054E-4     592.7     230.5
285.0030 6.6743466009112E-4     598.3     232.6
286.0085 6.764817280064874E-4     603.6     231.8
287.0085 6.860826161214371E-4     609.2     230.8
288.0105 6.957854453648876E-4     614.9     230.2
288.9975 7.04701473145726E-4     620.1     229.4
289.9995 7.144853727442827E-4     625.8     230.1
291.0065 7.247306960003576E-4     631.8     229.0
291.9985 7.339085221833592E-4     637.1     228.8
293.0030 7.428770747143117E-4     642.4     229.2
294.0040 7.524290167253317E-4     648.0     228.1
295.0175 7.611685245217137E-4     653.1     229.3
296.0025 7.702448573125452E-4     658.4     229.7
297.0170 7.800115182586228E-4     664.1     232.0
298.0060 7.896816134384264E-4     669.7     232.3
298.9960 7.988114889690733E-4     675.1     232.6
300.0115 8.073475320636693E-4     680.1     233.0
301.0105 8.170425329230541E-4     685.7     232.6
302.0065 8.265791957267375E-4     691.3     231.0
303.0115 8.358086503730822E-4     696.7     231.7
304.0135 8.449409113828995E-4     702.1     231.6
305.0070 8.543514935158476E-4     707.6     230.6
306.0090 8.636275440431094E-4     713.0     231.7
307.0145 8.729742707246612E-4     718.4     231.2
307.9995 8.820336095099296E-4     723.7     230.7
309.0230 8.907917211946142E-4     728.9     232.7
310.0130 9.004662346187728E-4     734.5     233.0
310.9985 9.096610838557136E-4     739.9     234.0
312.0205 9.185332255492243E-4     745.1     235.7
313.0180 9.279509035690147E-4     750.6     235.3
314.0115 9.374605261433099E-4     756.1     234.1
314.9975 9.463974583230571E-4     761.4     233.1
316.0165 9.551804701332748E-4     766.5     233.4
317.0070 9.646083041057686E-4     772.0     233.0
317.9965 9.736645249050841E-4     777.3     233.1
319.0230 9.831144790250562E-4     782.8     234.3
320.0035 9.920355637734238E-4     788.0     233.7
321.0185 0.0010006716950262183     793.1     235.1
322.0065 0.001010064063517476     798.6     235.4
323.0085 0.0010195444121691966     804.1     236.7
323.9970 0.0010284846620926096     809.4     237.1
325.0230 0.0010372052304190786     814.5     239.3
326.0085 0.001046201361439098     819.7     239.3
326.9960 0.0010552589850820705     825.0     238.6
328.0230 0.001065094564141238     830.8     238.9
329.0060 0.001073278171065442     835.5     237.6
330.0075 0.0010830290154813676     841.2     237.1
331.0250 0.0010925698755047666     846.8     237.8
332.0055 0.001101198222675356     851.9     236.4
333.0015 0.001109833122534333     856.9     236.2
334.0240 0.0011195336673703363     862.6     237.4
335.0110 0.0011281931450832447     867.6     237.7
335.9980 0.0011377054212084903     873.2     237.4
337.0230 0.0011465455064598358     878.4     239.4
338.0100 0.001155062218827039     883.4     240.7
338.9995 0.0011639068631867152     888.5     240.8
340.0205 0.0011735728170782266     894.2     241.5
341.0055 0.0011821732834377935     899.2     240.2
342.0155 0.0011909248043679055     904.3     239.6
343.0025 0.001199924002329366     909.6     238.7
344.0135 0.0012096454791660563     915.3     240.1
345.0010 0.001218873554588843     920.7     238.9
346.0145 0.0012275240289717532     925.7     239.5
347.0030 0.0012364230547950515     930.9     238.9
348.0065 0.0012453469952638991     936.1     239.7
