28.0235 0.0
29.0055 -0.0015734671379192676
29.995 -0.003135635987257775
31.011 -0.004687259651869049
32.006 -0.006226527386862778
33.0225 -0.007754456729751889
34.006 -0.009270536198171305
35.0 -0.010775118804893543
36.001 -0.012268537231111131
37.015 -0.013750835920398254
38.0045 -0.015220451837556223
39.013 -0.01667788656541171
40.007 -0.018124507284346704
41.006 -0.01955982238882259
42.0025 -0.020983785985026714
43.0085 -0.022397193013734485
44.009 -0.02379940156074741
45.005 -0.025190671616117388
45.9955 -0.02656980645386057
47.018 -0.02793780116000917
48.0065 -0.02929460072119617
48.996 -0.030640442274336717
50.0035 -0.0319750527000244
51.0085 -0.03329856831258217
52.006 -0.03461089775872557
53.0145 -0.03591124254908655
53.9975 -0.037199527671292094
55.001 -0.03847744463164612
56.011 -0.03974463035717687
57.011 -0.04100108174504045
58.0015 -0.04224630802942998
59.024 -0.04348049574541996
60.0075 -0.04470291736059244
61.0055 -0.045914313309353465
62.0145 -0.04711438566576454
63.0165 -0.04830407385668973
64.002 -0.049482952108303994
65.028 -0.05065021981375425
66.011 -0.0518067238865865
66.998 -0.05295140112618603
68.0335 -0.054084513477689375
69.0275 -0.055207173951706344
70.018 -0.05631937444203075
71.0 -0.05742026099652071
72.028 -0.05850965117487391
73.0135 -0.059588992422844246
74.0005 -0.06065848759215076
75.01 -0.061714950922264
76.0235 -0.06276104625908639
77.008 -0.0637964837364263
77.998 -0.06482065636172121
79.006 -0.06583392879705365
80.0285 -0.06683586909487789
81.025 -0.06782729909746398
82.007 -0.06880747113468198
83.0 -0.0697770299024918
84.026 -0.07073608511433364
85.035 -0.0716842378644268
86.029 -0.0726212423928471
87.0255 -0.07354818569694647
88.0135 -0.07446230979225313
89.0085 -0.0753666518419186
90.007 -0.07625993976686711
91.005 -0.07714340996668177
92.033 -0.07801601959335035
93.0305 -0.07887707881921452
94.019 -0.07972708902978834
95.0035 -0.08056728585305775
96.033 -0.08139607520374406
97.026 -0.08221325973968938
98.02 -0.08302088619476845
99.0105 -0.08381734652643322
100.006 -0.08460305633886737
101.0175 -0.08537707604191072
101.9985 -0.08614196208783888
103.0235 -0.08689582804378118
104.0075 -0.08763945496851189
105.004 -0.08837177564603682
106.03 -0.08909335707540171
107.022 -0.08980441269909589
108.006 -0.09050518650924484
109.0075 -0.09119515189408134
110.0065 -0.09187474714457862
111.0055 -0.09254360850643589
112.005 -0.09320157605107281
113.0085 -0.09384824760969587
114.008 -0.09448427376862319
115.005 -0.09511067077288766
116.0225 -0.09572536747755615
117.0055 -0.0963298621971812
118.0075 -0.09692413996702344
119.002 -0.09750818153718664
120.0165 -0.09808090948555734
120.9955 -0.09864332140326762
122.035 -0.09919574006200929
123.0235 -0.0997373861757981
124.0145 -0.10026806947468865
124.995 -0.10078805190232638
126.021 -0.10129678052013291
127.0085 -0.10179589467350679
128.0015 -0.10228431873054529
129.0295 -0.10276203661952865
130.0205 -0.10323010181408925
131.0 -0.10368729920498562
132.022 -0.10413396550421837
133.0115 -0.10457030245231061
134.005 -0.10499601443252482
135.037 -0.10541149885847197
136.029 -0.10581566633578927
137.017 -0.10621036987849482
137.9975 -0.10659408403976682
139.03 -0.10696800990191555
140.017 -0.10733129790910692
140.9975 -0.10768421083868598
142.0265 -0.1080263513679701
143.014 -0.10835791861660805
144.002 -0.10867924700599935
145.0435 -0.10898983619188062
146.0325 -0.1092900178365385
147.031 -0.10957982794373224
148.018 -0.10985984969270217
148.9985 -0.11012962926983882
150.033 -0.11038803223808125
151.029 -0.1106368732650121
152.018 -0.11087527123593245
153.0025 -0.11110373252541617
154.0295 -0.11132201657790836
155.0285 -0.11153015659307007
156.019 -0.11172766548990441
157.0035 -0.11191469149887118
158.019 -0.11209199806322365
159.0105 -0.1122582021917246
159.998 -0.11241502558785171
161.0135 -0.11256095526509102
161.998 -0.11269630544339432
163.0265 -0.1128215423809885
164.0095 -0.11293727035481858
165.003 -0.11304252724740116
166.034 -0.11313741730360038
167.0205 -0.11322174974415618
168.007 -0.11329538328972993
169.008 -0.11335952161781607
170.0035 -0.11341353874273659
171.023 -0.11345844205735811
172.0135 -0.11349235638623953
172.9965 -0.11351623584146443
174.0235 -0.11352907267848149
175.013 -0.11353144110438333
175.9995 -0.11352535227347
177.0405 -0.11350840659934826
178.0265 -0.11348057379914667
179.018 -0.11344317836784786
180.003 -0.11339643087589378
181.0185 -0.11333960568682842
182.0075 -0.11327299111433405
183.0085 -0.11319567199805478
183.999 -0.1131082240677424
185.0135 -0.11301163210318729
186.0 -0.11290530858962751
187.03 -0.11278778683449776
188.018 -0.1126597893881867
189.003 -0.11252288092875246
190.0115 -0.11237521646296676
190.9965 -0.11221798166127339
192.0215 -0.11205092779939184
193.0035 -0.11187257612560612
194.016 -0.11168495995758446
194.999 -0.11148686271419685
196.025 -0.11128032986095143
197.0135 -0.1110630200580826
198.002 -0.11083621739308055
199.045 -0.11059875670192731
200.029 -0.11035160662879198
201.0165 -0.11009432605308375
201.999 -0.10982724940828154
203.032 -0.10955011338830127
204.023 -0.10926230139401916
205.005 -0.10896485514446726
206.0175 -0.10865737447815454
206.999 -0.1083411811448324
208.0205 -0.10801479318572449
209.0025 -0.10767917336316055
210.017 -0.10733373026198671
210.999 -0.10697932833967415
212.026 -0.10661478218911169
213.01 -0.10623975921929482
214.004 -0.10585525135073563
215.0395 -0.10546043829841217
216.0235 -0.10505680322418988
217.016 -0.10464288665850115
218.0015 -0.10421950840676049
219.0205 -0.1037862384882576
220.0125 -0.10334255122404282
221.0045 -0.10288916122472025
222.0165 -0.10242593379243904
222.998 -0.10195407081883047
224.0215 -0.10147111798214009
225.0025 -0.10097940491459273
226.019 -0.10047715168502262
227.004 -0.09996578072948141
228.015 -0.09944498805773076
228.998 -0.09891369380804804
230.03 -0.09837264573217783
231.0235 -0.09782188157839214
232.018 -0.09726224117742208
233.004 -0.09669293658698348
234.017 -0.09611415326829637
235.003 -0.09552580179392058
236.018 -0.09492717890971886
237.0065 -0.0943198023318335
238.002 -0.09370376138337472
239.035 -0.0930771292555317
240.019 -0.09244064376695525
240.9995 -0.09179535624440688
242.0145 -0.09114036247201217
242.999 -0.0904761085977046
244.0235 -0.08980175845331967
245.0095 -0.08911699498431645
246.003 -0.08842447947929744
247.0305 -0.08772190559307347
248.015 -0.08700919423044894
248.996 -0.08628734762883086
250.0225 -0.08555636042764253
251.018 -0.08481616679469338
252.0055 -0.08406649224858645
252.995 -0.08330750661126046
254.032 -0.08253861179493695
255.026 -0.0817605545983642
256.0145 -0.08097155076834858
257.0015 -0.08017455830312992
258.034 -0.0793671179015052
259.0235 -0.07855005453629944
260.0125 -0.07772456331387408
261.005 -0.07688991212695939
262.032 -0.076045387885616
263.0185 -0.0751921837638783
264.003 -0.0743300227823294
265.027 -0.07345846904009773
266.019 -0.0725766333178178
267.001 -0.0716856228585875
268.025 -0.07078582708193963
269.013 -0.06987682445049734
270.006 -0.0689577681918467
271.01 -0.06802906054062821
272.01 -0.06709132691766354
273.004 -0.06614500732436027
274.0255 -0.06518919338103599
275.0125 -0.06422436309207685
276.01 -0.06325035052059308
277.0045 -0.06226653082261554
278.0265 -0.061272536397666506
279.0125 -0.06026953716540943
280.0025 -0.05925802716693012
281.0085 -0.05823737193307545
281.9995 -0.05720797362441051
283.0225 -0.056168842272064055
284.004 -0.055119421067901464
285.0165 -0.0540606848845758
285.9985 -0.052994448335932864
287.0295 -0.05191860669798623
288.022 -0.05083295341236532
289.0135 -0.04973841475919817
289.998 -0.048635878373687484
291.024 -0.04752428018770688
292.017 -0.04640361898879189
293.0015 -0.04527369106387724
294.027 -0.04413434795782238
295.0145 -0.04298529989438652
296.0035 -0.04182799768523151
297.021 -0.040661719496304066
298.0085 -0.03948670683215877
299.0135 -0.03830229872081841
300.0065 -0.03710886002814419
301.0285 -0.03590647848442367
302.0135 -0.03469400342079739
302.9995 -0.033472671727009226
304.0255 -0.03224141649666725
305.0095 -0.031000645529086043
306.0005 -0.02975259827580538
307.024 -0.02849550619024019
308.019 -0.027228628489835562
308.9995 -0.02595369810811862
310.006 -0.02466899054031218
311.0065 -0.02337560513506782
312.0195 -0.022072241017844333
313.0065 -0.020759813861253383
314.0045 -0.01943855062505444
315.021 -0.01810989244857425
316.013 -0.01676941780307059
316.998 -0.015421528184835474
318.018 -0.014064577353464757
319.003 -0.012698834663354518
320.011 -0.0113244815070007
321.003 -0.00994089896659475
322.0325 -0.008548041131106457
323.018 -0.007146314038457263
323.999 -0.005735440756808677
325.007 -0.0043152886241316045
326.0095 -0.0028855336586244974
327.003 -0.0014474071804859755
328.0275 0.0
