48.016 -0.0
49.0035 -8.960258821081668e-05
50.0035 -0.00017790734470998337
51.0045 -0.000266169832329524
52.0045 -0.00035395327921933836
53.0025 -0.0004395794386791666
54.0225 -0.0005250200579201818
55.0185 -0.0006120701593942887
55.997 -0.0006968513390904641
57.009 -0.0007820658644501453
58.0205 -0.0008647009905328705
59.0025 -0.0009467592849295055
60.0235 -0.00102884292510309
61.01 -0.001110137218812965
62.007 -0.001191736204846753
63.012 -0.001271253551595214
64.0085 -0.0013503670365477526
65.0075 -0.0014295619904012569
66.0075 -0.0015072755791458933
67.01 -0.0015841158653438214
68.005 -0.0016611691407750241
69.0105 -0.0017380426306939124
70.0305 -0.0018135020787043293
71.0235 -0.001888926518905841
72.0055 -0.0019635774906580916
73.0005 -0.0020369138947697388
74.0105 -0.0021109065482382977
75.0285 -0.0021833812908273534
76.011 -0.002255830659484752
77.0 -0.0023285061349163916
78.0065 -0.0023994164988062894
79.018 -0.0024690505834162324
80.0005 -0.002538144013340793
81.029 -0.0026067284975891877
82.0155 -0.0026756846541939466
83.001 -0.0027442000928035726
84.007 -0.002811657190888446
85.0265 -0.0028787060929192365
86.02 -0.0029447594033186753
86.9975 -0.003010945637097459
88.035 -0.003076467849525942
89.025 -0.003141365319942975
90.008 -0.0032062547275029454
91.007 -0.0032694684075393818
91.9995 -0.003332710068993036
93.0285 -0.0033961858477320264
94.0195 -0.003458233791017333
95.003 -0.0035207279961084956
96.02 -0.0035830526935749785
97.007 -0.0036435387424672006
98.003 -0.0037041444989342753
99.032 -0.0037636518063240004
100.032 -0.003822611701742362
101.0265 -0.0038812248324085474
102.0175 -0.0039395102627665934
103.003 -0.003997970812823881
104.029 -0.00405544995815639
105.0215 -0.004112938641809616
106.013 -0.004168293334009726
106.9955 -0.004222423577881246
108.023 -0.004276366459862693
109.007 -0.004329765225468268
110.0055 -0.00438298056224698
111.0195 -0.004434235380095158
112.0045 -0.004486912373638616
113.0225 -0.0045384538705841165
114.0095 -0.004588952609637834
115.008 -0.0046402175288780545
116.002 -0.004691340454637816
117.026 -0.004740581081899814
118.015 -0.004791761215012194
118.995 -0.004839722825826953
120.027 -0.004887581635661581
121.014 -0.004935784190351261
121.997 -0.004981636839758177
123.0395 -0.005027907128763567
124.029 -0.0050735966538806715
125.022 -0.005117925064056603
126.0075 -0.005163025465406035
127.011 -0.005207340564393939
128.0005 -0.005250541158062796
129.0195 -0.005292860843402691
130.007 -0.005334040133858506
131.0015 -0.005375128045085234
132.046 -0.005415769850593749
133.035 -0.005453754075614561
134.0315 -0.005494428764435844
135.0315 -0.00553281289385954
136.0275 -0.005570834437360644
137.016 -0.005608800961512894
137.9975 -0.0056464184083550445
139.0415 -0.0056836243995910946
140.0315 -0.005719481730664458
141.034 -0.005757991849486249
142.0265 -0.00579504562695525
143.0085 -0.005829627769592061
144.0065 -0.00586462225241903
145.012 -0.005897825780471613
146.001 -0.005931390367426098
147.0275 -0.005964055149516326
148.0335 -0.005995953913480664
149.028 -0.006028660459943172
150.013 -0.0060589178383103764
151.0 -0.006088952014543361
152.028 -0.0061190585050035495
153.0195 -0.006146841237388623
154.0115 -0.006174970263827989
154.997 -0.006202456559968053
156.03 -0.006228346426051676
157.02 -0.006254802300880102
158.0065 -0.006279525125531232
158.9975 -0.0063042406715397015
160.0375 -0.0063287205766969085
161.0365 -0.0063517001397902645
162.037 -0.006375256736598167
163.03 -0.006396941329147032
164.03 -0.006418698384218352
165.0295 -0.006440462336926481
166.0265 -0.006460830713364701
167.0235 -0.006480728507683178
168.0125 -0.0065016599620605214
168.997 -0.006520455990800492
170.021 -0.0065382774863620985
171.0305 -0.006556049311600268
172.0175 -0.0065714910873944515
172.998 -0.006587489474268501
174.0175 -0.00660408276436425
174.9965 -0.006619770177971232
176.0265 -0.006633725283942737
177.015 -0.006646680074894898
177.998 -0.00665951905213312
179.0345 -0.006672151592675479
180.02 -0.0066842406760225515
181.008 -0.006694203251191369
182.0095 -0.006703761481353723
182.9975 -0.006713912537992112
184.0185 -0.00672378468155313
185.0 -0.006733588827982417
186.0195 -0.006741545595526713
187.0095 -0.006748439321373215
188.011 -0.006757112494186299
188.9995 -0.006762002091367306
190.0155 -0.006767783524652321
191.001 -0.006773465473019741
192.029 -0.006778483975897517
193.0225 -0.006782606555212442
194.0015 -0.006785596513032691
195.0215 -0.006788923257866175
196.0025 -0.006791295835990238
197.0175 -0.006795802826224925
197.9985 -0.006796610939440381
199.042 -0.006797457265651938
200.033 -0.006796774560752131
201.031 -0.006797414315394962
202.0285 -0.006796516827757601
203.0195 -0.006794365454859244
204.004 -0.006792384510842853
205.028 -0.006789499013057879
206.012 -0.006785908383014905
207.0035 -0.006781857969934538
208.022 -0.006775953654970898
209.0255 -0.006770645750547616
210.021 -0.00676364779545284
211.0065 -0.006756601214781624
212.0035 -0.006748134215596446
213.027 -0.006740729046339308
214.016 -0.006732205539523417
215.008 -0.006722853703019782
215.9955 -0.006713423518185865
217.0225 -0.006701685529341736
218.0085 -0.006689727749082122
219.0075 -0.006678095764130962
219.9975 -0.006664768204282925
221.0225 -0.0066508559733925166
222.0095 -0.00663684731632426
222.998 -0.0066217853724396675
224.035 -0.006606144121179755
225.027 -0.006589849023454969
226.0185 -0.006573082634989499
226.9955 -0.0065560877208058616
228.0125 -0.00653863109226234
229.0015 -0.006520537232861487
230.0215 -0.006502216753497991
231.011 -0.006483150649743558
232.005 -0.006463830204571044
233.0305 -0.006444536171873849
234.015 -0.006423196627724323
234.997 -0.006401117219227606
236.0185 -0.006378585743622794
236.9965 -0.0063557260159194245
238.0315 -0.006333893586192768
239.0225 -0.006309532604056492
240.0075 -0.0062848926559929685
241.0075 -0.006259521789772182
242.0 -0.006233180149706807
243.021 -0.006206863543493285
244.015 -0.006179312241366544
245.0065 -0.006151126927858103
246.003 -0.006123455799096886
247.0375 -0.006094417286654566
248.0295 -0.006064495276132745
249.0235 -0.006033960051480158
250.008 -0.006003733898848881
251.009 -0.005971809355950403
251.997 -0.005939757617610633
253.0205 -0.005906945747198064
253.9975 -0.005873870452415414
255.023 -0.005840641405070401
256.005 -0.005807426265597396
257.024 -0.0057733041071753866
258.012 -0.0057379934762128715
259.0035 -0.005700926138803908
260.0415 -0.005665162940931612
261.0285 -0.0056282861004646745
262.011 -0.0055895946505616495
263.013 -0.005552881189003614
263.997 -0.005512496181947407
265.037 -0.0054732125234714935
266.023 -0.00543255507370019
267.0025 -0.00539150265921115
268.0215 -0.00535061893548236
269.0055 -0.005308588496933386
270.02 -0.005265594972089574
271.003 -0.005222009572143707
272.0295 -0.005176649695713159
273.0115 -0.005131114398895589
274.002 -0.0050862106492279985
275.012 -0.0050413112001169436
275.997 -0.004996349385765847
277.022 -0.004948270580785605
278.016 -0.004899442966967649
278.9965 -0.004850822551138376
280.0275 -0.0048017819000987505
281.0105 -0.004751268885141949
281.9965 -0.004699532400662967
283.028 -0.004648786099492583
284.017 -0.004597786367897663
285.0 -0.004545996510324557
286.017 -0.004492381908626844
287.021 -0.004439573797990801
288.013 -0.004384516228467389
288.9975 -0.004330591171557943
290.016 -0.004274739702231425
290.996 -0.004217757696351382
292.026 -0.004159423493390282
293.011 -0.00410127562558131
294.006 -0.0040436302206644514
295.002 -0.003983822881717516
296.0225 -0.003925397356945262
297.0075 -0.003864554585261526
298.0075 -0.003803225168480577
298.9995 -0.003743136006880421
300.0145 -0.003680574119506501
300.9975 -0.0036183848594127585
302.0305 -0.00355455507322653
303.012 -0.0034923998350578633
304.0005 -0.0034294578065968487
305.03 -0.0033647860344909533
306.021 -0.0032987572681130242
307.0055 -0.0032338968121884623
308.0045 -0.0031674195149896736
309.0335 -0.003100577936386517
310.0185 -0.003031674631589487
311.0045 -0.002962846246406692
312.011 -0.0028930859765947045
312.998 -0.002823786892203417
314.026 -0.002753278058092175
315.0135 -0.0026819046125391155
315.9965 -0.002610018478564874
317.0265 -0.002537346633128365
318.0145 -0.002463962713002886
319.0015 -0.0023911390769592936
320.033 -0.002317568810204236
321.0125 -0.002242500175353969
322.009 -0.002166959830833759
323.016 -0.002090670502927078
323.997 -0.0020134933979847128
325.0385 -0.0019369163854595778
326.0265 -0.0018588542442630855
327.0095 -0.0017803729405043642
328.0095 -0.001702052409787963
328.996 -0.0016223463771399688
330.041 -0.0015422448365618596
331.0215 -0.0014622174702388115
332.0165 -0.0013801519151779712
332.999 -0.0012988770187815218
334.0315 -0.0012158193640544879
335.0175 -0.001132606131908822
336.016 -0.0010487101936919492
337.004 -0.0009649578207954115
338.0095 -0.0008803639086662728
339.0055 -0.0007953837243869222
340.0245 -0.0007098773448050467
341.011 -0.0006225979332319508
342.0005 -0.0005348339548761558
343.02 -0.0004485104942733905
344.0075 -0.00035961682293866436
345.0095 -0.00027075095281994636
346.007 -0.00018203203816816345
347.0055 -9.105090438989941e-05
348.0145 -0.0
