HEW  (um) =       1.6427105
FWHM  (um) =       2.4640657
PSF integral =   0.00075613899
      -100.00000   2.6272880e-07
      -99.794663   8.0178283e-07
      -99.589324   4.4417741e-06
      -99.383985   1.0313829e-05
      -99.178646   1.6982854e-05
      -98.973307   2.2805592e-05
      -98.767969   2.6333832e-05
      -98.562630   2.6682267e-05
      -98.357291   2.3751826e-05
      -98.151952   1.8260033e-05
      -97.946613   1.1571522e-05
      -97.741275   5.3596333e-06
      -97.535936   1.1938617e-06
      -97.330597   1.4575837e-07
      -97.125258   2.5178577e-06
      -96.919919   7.7610752e-06
      -96.714581   1.4605716e-05
      -96.509242   2.1371525e-05
      -96.303903   2.6383674e-05
      -96.098564   2.8389260e-05
      -95.893225   2.6879456e-05
      -95.687887   2.2214464e-05
      -95.482548   1.5548866e-05
      -95.277209   8.5432640e-06
      -95.071870   2.9602056e-06
      -94.866531   2.2118218e-07
      -94.661192   1.0503309e-06
      -94.455854   5.2873227e-06
      -94.250515   1.1919660e-05
      -94.045176   1.9328919e-05
      -93.839837   2.5686544e-05
      -93.634498   2.9414125e-05
      -93.429160   2.9573420e-05
      -93.223821   2.6109501e-05
      -93.018482   1.9872599e-05
      -92.813143   1.2410759e-05
      -92.607804   5.5944705e-06
      -92.402466   1.1472145e-06
      -92.197127   2.1745861e-07
      -91.991788   3.0856410e-06
      -91.786449   9.0870257e-06
      -91.581110   1.6768014e-05
      -91.375772   2.4243519e-05
      -91.170433   2.9662801e-05
      -90.965094   3.1672563e-05
      -90.759755   2.9756859e-05
      -90.554416   2.4377180e-05
      -90.349077   1.6863243e-05
      -90.143739   9.0898340e-06
      -89.938400   3.0138237e-06
      -89.733061   1.8622249e-07
      -89.527722   1.3610870e-06
      -89.322383   6.3001719e-06
      -89.117045   1.3823962e-05
      -88.911706   2.2096571e-05
      -88.706367   2.9078102e-05
      -88.501028   3.3032866e-05
      -88.295689   3.2964489e-05
      -88.090351   2.8871879e-05
      -87.885012   2.1759498e-05
      -87.679673   1.3394129e-05
      -87.474334   5.8734002e-06
      -87.268995   1.1028634e-06
      -87.063657   3.1957429e-07
      -86.858318   3.7770751e-06
      -86.652979   1.0672356e-05
      -86.447640   1.9336959e-05
      -86.242301   2.7644620e-05
      -86.036962   3.3538932e-05
      -85.831624   3.5544890e-05
      -85.626285   3.3147512e-05
      -85.420946   2.6922041e-05
      -85.215607   1.8409549e-05
      -85.010268   9.7347245e-06
      -84.804930   3.0840726e-06
      -84.599591   1.5965762e-07
      -84.394252   1.7501422e-06
      -84.188913   7.5244326e-06
      -83.983574   1.6103823e-05
      -83.778236   2.5396223e-05
      -83.572897   3.3110410e-05
      -83.367558   3.7327838e-05
      -83.162219   3.6983339e-05
      -82.956880   3.2142145e-05
      -82.751542   2.3991576e-05
      -82.546203   1.4557167e-05
      -82.340864   6.2074671e-06
      -82.135525   1.0611476e-06
      -81.930186   4.6007661e-07
      -81.724847   4.6241272e-06
      -81.519509   1.2586112e-05
      -81.314170   2.2419755e-05
      -81.108831   3.1714187e-05
      -80.903492   3.8167117e-05
      -80.698153   4.0163912e-05
      -80.492815   3.7185245e-05
      -80.287476   2.9950256e-05
      -80.082137   2.0248642e-05
      -79.876798   1.0503881e-05
      -79.671459   3.1748830e-06
      -79.466121   1.4388709e-07
      -79.260782   2.2390122e-06
      -79.055443   9.0170318e-06
      -78.850104   1.8860781e-05
      -78.644765   2.9370756e-05
      -78.439427   3.7956287e-05
      -78.234088   4.2481349e-05
      -78.028749   4.1800644e-05
      -77.823410   3.6057981e-05
      -77.618071   2.6661256e-05
      -77.412732   1.5948927e-05
      -77.207394   6.6104769e-06
      -77.002055   1.0228259e-06
      -76.796716   6.5037823e-07
      -76.591377   5.6715735e-06
      -76.386038   1.4920355e-05
      -76.180700   2.6161666e-05
      -75.975361   3.6639003e-05
      -75.770022   4.3758597e-05
      -75.564683   4.5735713e-05
      -75.359344   4.2051509e-05
      -75.154006   3.3596174e-05
      -74.948667   2.2461038e-05
      -74.743328   1.1429596e-05
      -74.537989   3.2908709e-06
      -74.332650   1.4215018e-07
      -74.127312   2.8576103e-06
      -73.921973   1.0856555e-05
      -73.716634   2.2233545e-05
      -73.511295   3.4216639e-05
      -73.305956   4.3853902e-05
      -73.100618   4.8744733e-05
      -72.895279   4.7647810e-05
      -72.689940   4.0805277e-05
      -72.484601   2.9895877e-05
      -72.279262   1.7633921e-05
      -72.073923   7.1025912e-06
      -71.868585   9.8851193e-07
      -71.663246   9.0561857e-07
      -71.457907   6.9802365e-06
      -71.252568   1.7802950e-05
      -71.047229   3.0760213e-05
      -70.841891   4.2678357e-05
      -70.636552   5.0603524e-05
      -70.431213   5.2549572e-05
      -70.225874   4.7996669e-05
      -70.020535   3.8045932e-05
      -69.815197   2.5158275e-05
      -69.609858   1.2559600e-05
      -69.404519   3.4399141e-06
      -69.199180   1.5917163e-07
      -68.993841   3.6470801e-06
      -68.788503   1.3153392e-05
      -68.583164   2.6415939e-05
      -68.377825   4.0207948e-05
      -68.172486   5.1131212e-05
      -67.967147   5.6462848e-05
      -67.761808   5.4847441e-05
      -67.556470   4.6645672e-05
      -67.351131   3.3870513e-05
      -67.145792   1.9702615e-05
      -66.940453   7.7099026e-06
      -66.735114   9.5927439e-07
      -66.529776   1.2482800e-06
      -66.324437   8.6370279e-06
      -66.119098   2.1412827e-05
      -65.913759   3.6496546e-05
      -65.708420   5.0194094e-05
      -65.503082   5.9112447e-05
      -65.297743   6.1009360e-05
      -65.092404   5.5371661e-05
      -64.887065   4.3560382e-05
      -64.681726   2.8499015e-05
      -64.476388   1.3959181e-05
      -64.271049   3.6316813e-06
      -64.065710   2.0174131e-07
      -63.860371   4.6664016e-06
      -63.655032   1.6062981e-05
      -63.449693   3.1683695e-05
      -63.244355   4.7732863e-05
      -63.039016   6.0256345e-05
      -62.833677   6.6132122e-05
      -62.628338   6.3855555e-05
      -62.422999   5.3947555e-05
      -62.217661   3.8834988e-05
      -62.012322   2.2284081e-05
      -61.806983   8.4693720e-06
      -61.601644   9.3654700e-07
      -61.396305   1.7100969e-06
      -61.190967   1.0765660e-05
      -60.985628   2.6010271e-05
      -60.780289   4.3773859e-05
      -60.574950   5.9711753e-05
      -60.369611   6.9872455e-05
      -60.164273   7.1699497e-05
      -59.958934   6.4681261e-05
      -59.753595   5.0516396e-05
      -59.548256   3.2707219e-05
      -59.342917   1.5720410e-05
      -59.137578   3.8791800e-06
      -58.932240   2.7994681e-07
      -58.726901   6.0030224e-06
      -58.521562   1.9815463e-05
      -58.316223   3.8442081e-05
      -58.110884   5.7363174e-05
      -57.905546   7.1918065e-05
      -57.700207   7.8475424e-05
      -57.494868   7.5350769e-05
      -57.289529   6.3255802e-05
      -57.084190   4.5157906e-05
      -56.878852   2.5568507e-05
      -56.673513   9.4377264e-06
      -56.468174   9.2261476e-07
      -56.262835   2.3386440e-06
      -56.057496   1.3552296e-05
      -55.852158   3.1979213e-05
      -55.646819   5.3193369e-05
      -55.441480   7.2008695e-05
      -55.236141   8.3761635e-05
      -55.030802   8.5487098e-05
      -54.825464   7.6683518e-05
      -54.620125   5.9474276e-05
      -54.414786   3.8120401e-05
      -54.209447   1.7984136e-05
      -54.004108   4.2040952e-06
      -53.798769   4.0950317e-07
      -53.593431   7.7885361e-06
      -53.388092   2.4754172e-05
      -53.182753   4.7298719e-05
      -52.977414   6.9957318e-05
      -52.772075   8.7152359e-05
      -52.566737   9.4588086e-05
      -52.361398   9.0344408e-05
      -52.156059   7.5389866e-05
      -51.950720   5.3392981e-05
      -51.745381   2.9840232e-05
      -51.540043   1.0696537e-05
      -51.334704   9.2077426e-07
      -51.129365   3.2083970e-06
      -50.924026   1.7281898e-05
      -50.718687   3.9911139e-05
      -50.513349   6.5675755e-05
      -50.308010   8.8283833e-05
      -50.102671   0.00010213027
      -49.897332   0.00010370926
      -49.691993   9.2534946e-05
      -49.486654   7.1298764e-05
      -49.281316   4.5258906e-05
      -49.075977   2.0964072e-05
      -48.870638   4.6371766e-06
      -48.665299   6.1532594e-07
      -48.459960   1.0229527e-05
      -48.254622   3.1422659e-05
      -48.049283   5.9207916e-05
      -47.843944   8.6862303e-05
      -47.638605   0.00010758340
      -47.433266   0.00011618742
      -47.227928   0.00011043462
      -47.022589   9.1641640e-05
      -46.817250   6.4412714e-05
      -46.611911   3.5547571e-05
      -46.406572   1.2376071e-05
      -46.201234   9.3646528e-07
      -45.995895   4.4380776e-06
      -45.790556   2.2409601e-05
      -45.585217   5.0752231e-05
      -45.379878   8.2696151e-05
      -45.174539   0.00011045066
      -44.969201   0.00012713342
      -44.763862   0.00012850972
      -44.558523   0.00011410313
      -44.353184   8.7378321e-05
      -44.147845   5.4954872e-05
      -43.942507   2.5002729e-05
      -43.737168   5.2285461e-06
      -43.531829   9.3871607e-07
      -43.326490   1.3663801e-05
      -43.121151   4.0705394e-05
      -42.915813   7.5729564e-05
      -42.710474   0.00011028471
      -42.505135   0.00013587509
      -42.299796   0.00014608985
      -42.094457   0.00013824453
      -41.889119   0.00011413051
      -41.683780   7.9652112e-05
      -41.478441   4.3428179e-05
      -41.273102   1.4689051e-05
      -41.067763   9.7874621e-07
      -40.862424   6.2285844e-06
      -40.657086   2.9703693e-05
      -40.451747   6.6088106e-05
      -40.246408   0.00010672975
      -40.041069   0.00014173169
      -39.835730   0.00016241294
      -39.630392   0.00016350277
      -39.425053   0.00014453459
      -39.219714   0.00011005940
      -39.014375   6.8618924e-05
      -38.809036   3.0681525e-05
      -38.603698   6.0611652e-06
      -38.398359   1.4524361e-06
      -38.193020   1.8678057e-05
      -37.987681   5.4130733e-05
      -37.782342   9.9561826e-05
      -37.577004   0.00014404056
      -37.371665   0.00017664370
      -37.166326   0.00018918621
      -36.960987   0.00017833492
      -36.755648   0.00014655511
      -36.550309   0.00010161509
      -36.344971   5.4769804e-05
      -36.139632   1.8005698e-05
      -35.934293   1.0631235e-06
      -35.728954   8.9394957e-06
      -35.523615   4.0526797e-05
      -35.318277   8.8749327e-05
      -35.112938   0.00014219643
      -34.907599   0.00018788807
      -34.702260   0.00021448407
      -34.496921   0.00021517400
      -34.291583   0.00018948889
      -34.086244   0.00014357228
      -33.880905   8.8796923e-05
      -33.675566   3.9045016e-05
      -33.470227   7.2840974e-06
      -33.264889   2.2924104e-06
      -33.059550   2.6353957e-05
      -32.854211   7.4525023e-05
      -32.648872   0.00013569281
      -32.443533   0.00019520482
      -32.238195   0.00023846364
      -32.032856   0.00025458299
      -31.827517   0.00023921732
      -31.622178   0.00019582467
      -31.416839   0.00013499410
      -31.211500   7.1986097e-05
      -31.006162   2.3017784e-05
      -30.800823   1.2204074e-06
      -30.595484   1.3264074e-05
      -30.390145   5.7506312e-05
      -30.184806   0.00012418081
      -29.979468   0.00019762718
      -29.774129   0.00026006641
      -29.568790   0.00029599337
      -29.363451   0.00029615119
      -29.158112   0.00026001600
      -28.952774   0.00019618751
      -28.747435   0.00012047403
      -28.542096   5.2147511e-05
      -28.336757   9.1878004e-06
      -28.131418   3.7358034e-06
      -27.926080   3.8873344e-05
      -27.720741   0.00010757874
      -27.515402   0.00019419518
      -27.310063   0.00027810340
      -27.104724   0.00033875699
      -26.899385   0.00036084631
      -26.694047   0.00033830593
      -26.488708   0.00027612747
      -26.283369   0.00018944534
      -26.078030   0.00010006021
      -25.872691   3.1152737e-05
      -25.667353   1.5150659e-06
      -25.462014   2.0679657e-05
      -25.256675   8.6222185e-05
      -25.051336   0.00018398529
      -24.845997   0.00029125011
      -24.640659   0.00038216834
      -24.435320   0.00043416742
      -24.229981   0.00043372507
      -24.024642   0.00038009694
      -23.819303   0.00028593441
      -23.613965   0.00017456216
      -23.408626   7.4486151e-05
      -23.203287   1.2403897e-05
      -22.997948   6.4165209e-06
      -22.792609   6.1168911e-05
      -22.587270   0.00016619073
      -22.381932   0.00029798877
      -22.176593   0.00042548038
      -21.971254   0.00051753712
      -21.765915   0.00055082749
      -21.560576   0.00051599198
      -21.355238   0.00042053976
      -21.149899   0.00028759917
      -20.944560   0.00015070707
      -20.739221   4.5769125e-05
      -20.533882   2.1024679e-06
      -20.328544   3.4787318e-05
      -20.123205   0.00014028822
      -19.917866   0.00029658379
      -19.712527   0.00046795806
      -19.507188   0.00061343270
      -19.301850   0.00069688788
      -19.096511   0.00069638144
      -18.891172   0.00061029255
      -18.685833   0.00045863286
      -18.480494   0.00027894268
      -18.275155   0.00011760477
      -18.069817   1.8548043e-05
      -17.864478   1.2035184e-05
      -17.659139   0.00010640605
      -17.453800   0.00028494170
      -17.248461   0.00050891545
      -17.043123   0.00072631536
      -16.837784   0.00088436257
      -16.632445   0.00094278875
      -16.427106   0.00088466926
      -16.221767   0.00072184171
      -16.016429   0.00049341812
      -15.811090   0.00025728623
      -15.605751   7.6465955e-05
      -15.400412   3.4414480e-06
      -15.195073   6.6339702e-05
      -14.989735   0.00026049143
      -14.784396   0.00054781187
      -14.579057   0.00086459442
      -14.373718    0.0011361739
      -14.168379    0.0012952414
      -13.963041    0.0012992940
      -13.757702    0.0011429016
      -13.552363   0.00086131044
      -13.347024   0.00052401569
      -13.141685   0.00021926329
      -12.936346   3.2902764e-05
      -12.731008   2.6476097e-05
      -12.525669   0.00022005388
      -12.320330   0.00058443650
      -12.114991    0.0010452708
      -11.909652    0.0014988525
      -11.704314    0.0018364645
      -11.498975    0.0019715932
      -11.293636    0.0018635571
      -11.088297    0.0015312057
      -10.882958    0.0010526009
      -10.677620   0.00054975830
      -10.472281   0.00016104562
      -10.266942   7.4119408e-06
      -10.061603   0.00016026329
      -9.8562643   0.00061931622
      -9.6509255    0.0013067207
      -9.4455867    0.0020802685
      -9.2402479    0.0027640243
      -9.0349091    0.0031901360
      -8.8295703    0.0032423895
      -8.6242315    0.0028907014
      -8.4188927    0.0022071959
      -8.2135539    0.0013580081
      -8.0082150   0.00057063841
      -7.8028762   8.2563262e-05
      -7.5975374   8.2066080e-05
      -7.3921986   0.00065517508
      -7.1868598    0.0017526002
      -6.9815210    0.0031870068
      -6.7761822    0.0046646407
      -6.5708434    0.0058474947
      -6.3655046    0.0064341358
      -6.1601658    0.0062416134
      -5.9548270    0.0052684615
      -5.7494881    0.0037211047
      -5.5441493    0.0019922164
      -5.3388105   0.00059015501
      -5.1334717   2.9482871e-05
      -4.9281329   0.00070356638
      -4.7227941    0.0027669804
      -4.5174553    0.0060572194
      -4.3121165     0.010080380
      -4.1067777     0.014074774
      -3.9014389     0.017151126
      -3.6961001     0.018491254
      -3.4907612     0.017572109
      -3.2854224     0.014372070
      -3.0800836    0.0095137352
      -2.8747448    0.0043047869
      -2.6694060   0.00065241725
      -2.4640672   0.00084899291
      -2.2587284    0.0072500272
      -2.0533896     0.021887984
      -1.8480508     0.046081673
      -1.6427120     0.080107368
      -1.4373732      0.12299368
      -1.2320343      0.17248528
      -1.0266955      0.22519596
     -0.82135673      0.27694168
     -0.61601792      0.32321315
     -0.41067911      0.35972386
     -0.20534030      0.38295405
  -1.4901161e-06      0.39060986
      0.20533732      0.38192681
      0.41067613      0.35777187
      0.61601494      0.32052786
      0.82135375      0.27377796
       1.0266926      0.22183931
       1.2320314      0.16921612
       1.4373702      0.12005429
       1.6427090     0.077676070
       1.8480478     0.044257699
       2.0533866     0.020688519
       2.2587254    0.0066186788
       2.4640642   0.00067386304
       2.6694030   0.00078978981
       2.8747418    0.0046044355
       3.0800806    0.0098416329
       3.2854195     0.014627287
       3.4907583     0.017695859
       3.6960971     0.018467648
       3.9014359     0.017000571
       4.1067747     0.013842337
       4.3121135    0.0098216688
       4.5174523    0.0058248776
       4.7227911    0.0026000981
       4.9281299   0.00062152319
       5.1334687   3.0897672e-05
       5.3388075   0.00065624235
       5.5441464    0.0020933312
       5.7494852    0.0038246516
       5.9548240    0.0053463770
       6.1601628    0.0062758210
       6.3655016    0.0064192141
       6.5708404    0.0057901458
       6.7761792    0.0045806664
       6.9815180    0.0030965860
       7.1868568    0.0016752301
       7.3921956   0.00060526911
       7.5975344   6.6262989e-05
       7.8028733   9.9057462e-05
       8.0082121   0.00061049307
       8.2135509    0.0014079551
       8.4188897    0.0022531222
       8.6242285    0.0029209748
       8.8295673    0.0032502828
       9.0349061    0.0031748986
       9.2402449    0.0027304514
       9.4455837    0.0020370611
       9.6509225    0.0012640900
       9.8562613   0.00058645833
       10.061600   0.00014328932
       10.266939   8.2048389e-06
       10.472278   0.00017718740
       10.677617   0.00057545599
       10.882955    0.0010803634
       11.088294    0.0015537051
       11.293633    0.0018753700
       11.498972    0.0019703049
       11.704311    0.0018229836
       11.909649    0.0014769385
       12.114988    0.0010203891
       12.320327   0.00056236673
       12.525666   0.00020546094
       12.731005   2.1905726e-05
       12.936343   3.8341402e-05
       13.141682   0.00023233443
       13.347021   0.00054072917
       13.552360   0.00087712206
       13.757699    0.0011538338
       13.963038    0.0013028516
       14.168376    0.0012908879
       14.373715    0.0011253097
       14.579054   0.00085007654
       14.784393   0.00053317954
       14.989732   0.00024905893
       15.195070   6.0426790e-05
       15.400409   3.8877997e-06
       15.605748   8.2538828e-05
       15.811087   0.00026697134
       16.016426   0.00050398169
       16.221764   0.00073054905
       16.427103   0.00088943086
       16.632442   0.00094262340
       16.837781   0.00087953176
       17.043120   0.00071820020
       17.248458   0.00049957791
       17.453797   0.00027660674
       17.659136   0.00010089384
       17.864475   1.0368469e-05
       18.069814   2.0753799e-05
       18.275153   0.00012278587
       18.480491   0.00028555504
       18.685830   0.00046491116
       18.891169   0.00061467726
       19.096508   0.00069788983
       19.301847   0.00069530552
       19.507185   0.00060930177
       19.712524   0.00046240009
       19.917863   0.00029098139
       20.123202   0.00013592898
       20.328541   3.2566012e-05
       20.533879   2.3327568e-06
       20.739218   4.8153803e-05
       20.944557   0.00015445764
       21.149896   0.00029166096
       21.355235   0.00042387653
       21.560573   0.00051782225
       21.765912   0.00055080067
       21.971251   0.00051578430
       22.176590   0.00042253755
       22.381929   0.00029463348
       22.587268   0.00016322778
       22.792606   5.9241401e-05
       22.997945   5.8635636e-06
       23.203284   1.3200042e-05
       23.408623   7.6285817e-05
       23.613962   0.00017681267
       23.819300   0.00028803150
       24.024639   0.00038153624
       24.229978   0.00043421546
       24.435317   0.00043368055
       24.640656   0.00038091724
       24.845994   0.00028960650
       25.051333   0.00018237964
       25.256672   8.5015620e-05
       25.462011   2.0092520e-05
       25.667350   1.5879447e-06
       25.872688   3.1758447e-05
       26.078027   0.00010096146
       26.283366   0.00019036941
       26.488705   0.00027683911
       26.694044   0.00033867029
       26.899382   0.00036084027
       27.104721   0.00033846170
       27.310060   0.00027765820
       27.515399   0.00019374632
       27.720738   0.00010724344
       27.926077   3.8696198e-05
       28.131415   3.6970446e-06
       28.336754   9.2200937e-06
       28.542093   5.2174377e-05
       28.747432   0.00012044077
       28.952771   0.00019608650
       29.158109   0.00025989521
       29.363448   0.00029608538
       29.568787   0.00029606425
       29.774126   0.00026031780
       29.979465   0.00019804637
       30.184803   0.00012468173
       30.390142   5.7958228e-05
       30.595481   1.3519878e-05
       30.800820   1.1667807e-06
       31.006159   2.2614767e-05
       31.211497   7.1292140e-05
       31.416836   0.00013416292
       31.622175   0.00019506909
       31.827514   0.00023875839
       32.032853   0.00025458326
       32.238192   0.00023897662
       32.443530   0.00019615550
       32.648869   0.00013687537
       32.854208   7.5658462e-05
       33.059547   2.7143266e-05
       33.264886   2.5119680e-06
       33.470224   6.8419119e-06
       33.675563   3.8017366e-05
       33.880902   8.7418616e-05
       34.086241   0.00014218284
       34.291580   0.00018845658
       34.496918   0.00021479226
       34.702257   0.00021489221
       34.907596   0.00018903380
       35.112935   0.00014383301
       35.318274   9.0491646e-05
       35.523612   4.1947018e-05
       35.728951   9.6709650e-06
       35.934290   9.0079993e-07
       36.139629   1.6963605e-05
       36.344968   5.3088161e-05
       36.550307   9.9706995e-05
       36.755645   0.00014490355
       36.960984   0.00017737870
       37.166323   0.00018920091
       37.371662   0.00017766956
       37.577001   0.00014586031
       37.782339   0.00010175180
       37.987678   5.6163396e-05
       38.193017   2.0046160e-05
       38.398356   1.8048647e-06
       38.603695   5.2930953e-06
       38.809033   2.8966604e-05
       39.014372   6.6377930e-05
       39.219711   0.00010785311
       39.425050   0.00014292784
       39.630389   0.00016292735
       39.835727   0.00016304788
       40.041066   0.00014345695
       40.246405   0.00010914796
       40.451744   6.8620146e-05
       40.657083   3.1728941e-05
       40.862422   7.2423652e-06
       41.067760   7.1883064e-07
       41.273099   1.3209305e-05
       41.478438   4.1087833e-05
       41.683777   7.7034867e-05
       41.889116   0.00011189935
       42.094454   0.00013697524
       42.299793   0.00014613034
       42.505132   0.00013724947
       42.710471   0.00011268327
       42.915810   7.8583754e-05
       43.121148   4.3320732e-05
       43.326487   1.5395879e-05
       43.531826   1.3548649e-06
       43.737165   4.2185484e-06
       43.942504   2.2811704e-05
       44.147842   5.2126511e-05
       44.353181   8.4624149e-05
       44.558520   0.00011212287
       44.763859   0.00012782248
       44.969198   0.00012793971
       45.174536   0.00011258182
       45.379875   8.5649945e-05
       45.585214   5.3815563e-05
       45.790553   2.4833335e-05
       45.995892   5.6229816e-06
       46.201231   5.8698940e-07
       46.406569   1.0575737e-05
       46.611908   3.2741735e-05
       46.817247   6.1304034e-05
       47.022586   8.9015114e-05
       47.227925   0.00010896263
       47.433263   0.00011626266
       47.638602   0.00010921620
       47.843941   8.9674795e-05
       48.049280   6.2524142e-05
       48.254619   3.4434110e-05
       48.459957   1.2198208e-05
       48.665296   1.0548291e-06
       48.870635   3.4378192e-06
       49.075974   1.8422789e-05
       49.281313   4.2011877e-05
       49.486651   6.8161206e-05
       49.691990   9.0301930e-05
       49.897329   0.00010296001
       50.102668   0.00010307332
       50.308007   9.0714674e-05
       50.513346   6.9014853e-05
       50.718684   4.3347150e-05
       50.924023   1.9974771e-05
       51.129362   4.4966925e-06
       51.334701   4.8696490e-07
       51.540040   8.6496033e-06
       51.745378   2.6690892e-05
       51.950717   4.9931593e-05
       52.156056   7.2488268e-05
       52.361395   8.8741363e-05
       52.566734   9.4705951e-05
       52.772072   8.8985908e-05
       52.977411   7.3074823e-05
       53.182750   5.0949184e-05
       53.388089   2.8045062e-05
       53.593428   9.9139462e-06
       53.798766   8.4683127e-07
       54.004105   2.8483425e-06
       54.209444   1.5175415e-05
       54.414783   3.4562246e-05
       54.620122   5.6059278e-05
       54.825461   7.4274741e-05
       55.030799   8.4704080e-05
       55.236138   8.4821095e-05
       55.441477   7.4671102e-05
       55.646816   5.6818261e-05
       55.852155   3.5684782e-05
       56.057493   1.6432354e-05
       56.262832   3.6861602e-06
       56.468171   4.0836917e-07
       56.673510   7.1936920e-06
       56.878849   2.2157063e-05
       57.084187   4.1434022e-05
       57.289526   6.0156548e-05
       57.494865   7.3662678e-05
       57.700204   7.8639145e-05
       57.905543   7.3912905e-05
       58.110881   6.0717808e-05
       58.316220   4.2340776e-05
       58.521559   2.3305714e-05
       58.726898   8.2303259e-06
       58.932237   6.9850094e-07
       59.137576   2.3904396e-06
       59.342914   1.2698803e-05
       59.548253   2.8910393e-05
       59.753592   4.6896866e-05
       59.958931   6.2153205e-05
       60.164270   7.0905939e-05
       60.369608   7.1032562e-05
       60.574947   6.2557262e-05
       60.780286   4.7618312e-05
       60.985625   2.9915544e-05
       61.190964   1.3775707e-05
       61.396302   3.0867207e-06
       61.601641   3.4493482e-07
       61.806980   6.0624891e-06
       62.012319   1.8665754e-05
       62.217658   3.4912035e-05
       62.422996   5.0705788e-05
       62.628335   6.2117105e-05
       62.833674   6.6343395e-05
       63.039013   6.2388806e-05
       63.244352   5.1274005e-05
       63.449691   3.5773336e-05
       63.655029   1.9699869e-05
       63.860368   6.9593291e-06
       64.065707   5.9006706e-07
       64.271046   2.0254901e-06
       64.476385   1.0763877e-05
       64.681723   2.4515655e-05
       64.887062   3.9787581e-05
       65.092401   5.2759481e-05
       65.297740   6.0222439e-05
       65.503079   6.0363469e-05
       65.708417   5.3192481e-05
       65.913756   4.0514446e-05
       66.119095   2.5469213e-05
       66.324434   1.1737916e-05
       66.529773   2.6334845e-06
       66.735111   2.9263552e-07
       66.940450   5.1636280e-06
       67.145789   1.5916157e-05
       67.351128   2.9791830e-05
       67.556467   4.3298235e-05
       67.761805   5.3077289e-05
       67.967144   5.6725696e-05
       68.172483   5.3378129e-05
       68.377822   4.3900368e-05
       68.583161   3.0652309e-05
       68.788500   1.6896123e-05
       68.993838   5.9783340e-06
       69.199177   5.0932972e-07
       69.404516   1.7293211e-06
       69.609855   9.2203410e-06
       69.815194   2.1026820e-05
       70.020532   3.4157156e-05
       70.225871   4.5329718e-05
       70.431210   5.1779984e-05
       70.636549   5.1940134e-05
       70.841888   4.5805048e-05
       71.047226   3.4918233e-05
       71.252565   2.1974236e-05
       71.457904   1.0143088e-05
       71.663243   2.2842737e-06
       71.868582   2.4892687e-07
       72.073920   4.4356536e-06
       72.279259   1.3709371e-05
       72.484598   2.5696734e-05
       72.689937   3.7384040e-05
       72.895276   4.5867202e-05
       73.100615   4.9060652e-05
       73.305953   4.6205122e-05
       73.511292   3.8035698e-05
       73.716631   2.6586827e-05
       73.921970   1.4677673e-05
       74.127309   5.2081747e-06
       74.332647   4.4847084e-07
       74.537986   1.4848317e-06
       74.743325   7.9666455e-06
       74.948664   1.8208696e-05
       75.154003   2.9620183e-05
       75.359341   3.9350028e-05
       75.564680   4.4992823e-05
       75.770019   4.5173383e-05
       75.975358   3.9876890e-05
       76.180697   3.0433334e-05
       76.386035   1.9180198e-05
       76.591374   8.8741158e-06
       76.796713   2.0108820e-06
       77.002052   2.1199291e-07
       77.207391   3.8372407e-06
       77.412730   1.1909505e-05
       77.618068   2.2366500e-05
       77.823407   3.2584190e-05
       78.028746   4.0022323e-05
       78.234085   4.2854926e-05
       78.439424   4.0402652e-05
       78.644762   3.3297530e-05
       78.850101   2.3307928e-05
       79.055440   1.2894237e-05
       79.260779   4.5944718e-06
       79.466118   4.0204312e-07
       79.671456   1.2796349e-06
       79.876795   6.9335412e-06
       80.082134   1.5897425e-05
       80.287473   2.5906561e-05
       80.492812   3.4463994e-05
       80.698150   3.9453013e-05
       80.903489   3.9656952e-05
       81.108828   3.5049434e-05
       81.314167   2.6787067e-05
       81.519506   1.6913708e-05
       81.724845   7.8505153e-06
       81.930183   1.7942340e-06
       82.135522   1.8037031e-07
       82.340861   3.3381859e-06
       82.546200   1.0419451e-05
       82.751539   1.9620569e-05
       82.956877   2.8632661e-05
       83.162216   3.5217842e-05
       83.367555   3.7756953e-05
       83.572894   3.5641724e-05
       83.778233   2.9415470e-05
       83.983571   2.0627120e-05
       84.188910   1.1441196e-05
       84.394249   4.0985014e-06
       84.599588   3.6663603e-07
       84.804927   1.1061021e-06
       85.010265   6.0704702e-06
       85.215604   1.3976309e-05
       85.420943   2.2828724e-05
       85.626282   3.0420095e-05
       85.831621   3.4872995e-05
       86.036959   3.5101236e-05
       86.242298   3.1067563e-05
       86.447637   2.3783585e-05
       86.652976   1.5052331e-05
       86.858315   7.0146300e-06
       87.063654   1.6205709e-06
       87.268992   1.5327509e-07
       87.474331   2.9168533e-06
       87.679670   9.1715245e-06
       87.885009   1.7326873e-05
       88.090348   2.5339099e-05
       88.295686   3.1218720e-05
       88.501025   3.3519882e-05
       88.706364   3.1689480e-05
       88.911703   2.6197270e-05
       89.117042   1.8409638e-05
       89.322380   1.0243381e-05
       89.527719   3.6943417e-06
       89.733058   3.3955026e-07
       89.938397   9.5742248e-07
       90.143736   5.3414883e-06
       90.349074   1.2360827e-05
       90.554413   2.0246802e-05
       90.759752   2.7032958e-05
       90.965091   3.1042041e-05
       91.170430   3.1294972e-05
       91.375769   2.7744668e-05
       91.581107   2.1282810e-05
       91.786446   1.3506084e-05
       91.991785   6.3236962e-06
       92.197124   1.4803469e-06
       92.402463   1.3007095e-07
       92.607801   2.5572229e-06
       92.813140   8.1150468e-06
       93.018479   1.5391415e-05
       93.223818   2.2564309e-05
       93.429157   2.7854203e-05
       93.634495   2.9958257e-05
       93.839834   2.8371153e-05
       94.045173   2.3498922e-05
       94.250512   1.6553636e-05
       94.455851   9.2455004e-06
       94.661189   3.3607086e-06
       94.866528   3.1898548e-07
       95.071867   8.2928974e-07
       95.277206   4.7197756e-06
       95.482545   1.0989001e-05
       95.687884   1.8058906e-05
       95.893222   2.4167883e-05
       96.098561   2.7804759e-05
       96.303900   2.8082106e-05
       96.509239   2.4943982e-05
       96.714578   1.9177632e-05
       96.919916   1.2208312e-05
       97.125255   5.7479073e-06
       97.330594   1.3662452e-06
       97.535933   1.1022928e-07
       97.741272   2.2482608e-06
       97.946610   7.2120278e-06
       98.151949   1.3742027e-05
       98.357288   2.0204694e-05
       98.562627   2.4996607e-05
       98.767966   2.6937267e-05
       98.973304   2.5560139e-05
       99.178643   2.1217104e-05
       99.383982   1.4987643e-05
       99.589321   8.4069548e-06
       99.794660   3.0833596e-06
