HEW  (um) =      0.82051282
FWHM  (um) =       1.2307692
PSF integral =    0.0015170898
      -100.00000   3.2739288e-07
      -99.897437   1.7388430e-07
      -99.794873   1.6100026e-06
      -99.692309   4.2889575e-06
      -99.589745   7.5527284e-06
      -99.487181   1.0595668e-05
      -99.384617   1.2663218e-05
      -99.282053   1.3242449e-05
      -99.179489   1.2185688e-05
      -99.076925   9.7518626e-06
      -98.974360   6.5448180e-06
      -98.871796   3.3618151e-06
      -98.769232   9.9700415e-07
      -98.666668   4.4821304e-08
      -98.564104   7.5086679e-07
      -98.461540   2.9498455e-06
      -98.358976   6.1036203e-06
      -98.256412   9.4366754e-06
      -98.153848   1.2122397e-05
      -98.051284   1.3495732e-05
      -97.948719   1.3212224e-05
      -97.846155   1.1339547e-05
      -97.743591   8.3402384e-06
      -97.641027   4.9589228e-06
      -97.538463   2.0382872e-06
      -97.435899   3.0934056e-07
      -97.333335   2.1095359e-07
      -97.230771   1.7776455e-06
      -97.128207   4.6295100e-06
      -97.025643   8.0664045e-06
      -96.923078   1.1240289e-05
      -96.820514   1.3363393e-05
      -96.717950   1.3906342e-05
      -96.615386   1.2732154e-05
      -96.512822   1.0128787e-05
      -96.410258   6.7409972e-06
      -96.307694   3.4129371e-06
      -96.205130   9.7540526e-07
      -96.102566   4.3367814e-08
      -96.000001   8.5922665e-07
      -95.897437   3.2320774e-06
      -95.794873   6.5834066e-06
      -95.692309   1.0087951e-05
      -95.589745   1.2879331e-05
      -95.487181   1.4264017e-05
      -95.384617   1.3897191e-05
      -95.282053   1.1863182e-05
      -95.179489   8.6678441e-06
      -95.076925   5.1012311e-06
      -94.974360   2.0528554e-06
      -94.871796   2.8767959e-07
      -94.769232   2.5315202e-07
      -94.666668   1.9698848e-06
      -94.564104   5.0229988e-06
      -94.461540   8.6631757e-06
      -94.358976   1.1994261e-05
      -94.256412   1.4188740e-05
      -94.153848   1.4701685e-05
      -94.051284   1.3402141e-05
      -93.948719   1.0610121e-05
      -93.846155   7.0150572e-06
      -93.743591   3.5129500e-06
      -93.641027   9.7615750e-07
      -93.538463   4.4095629e-08
      -93.435899   9.5831038e-07
      -93.333335   3.5034110e-06
      -93.230771   7.0563257e-06
      -93.128207   1.0742543e-05
      -93.025643   1.3649632e-05
      -92.923078   1.5056274e-05
      -92.820514   1.4607864e-05
      -92.717950   1.2414886e-05
      -92.615386   9.0175181e-06
      -92.512822   5.2594453e-06
      -92.410258   2.0780405e-06
      -92.307694   2.7087782e-07
      -92.205130   2.9797185e-07
      -92.102566   2.1650400e-06
      -92.000001   5.4205313e-06
      -91.897437   9.2646760e-06
      -91.794873   1.2749291e-05
      -91.692309   1.5011516e-05
      -91.589745   1.5485519e-05
      -91.487181   1.4052025e-05
      -91.384617   1.1061676e-05
      -91.282053   7.2558618e-06
      -91.179489   3.5821531e-06
      -91.076925   9.5853923e-07
      -90.974360   4.7538773e-08
      -90.871796   1.0882964e-06
      -90.769232   3.8359832e-06
      -90.666668   7.6206539e-06
      -90.564104   1.1512307e-05
      -90.461540   1.4547411e-05
      -90.358976   1.5973881e-05
      -90.256412   1.5435287e-05
      -90.153848   1.3058528e-05
      -90.051284   9.4325725e-06
      -89.948719   5.4569029e-06
      -89.846155   2.1201605e-06
      -89.743591   2.5984764e-07
      -89.641027   3.4782704e-07
      -89.538463   2.3747004e-06
      -89.435899   5.8486111e-06
      -89.333335   9.9169093e-06
      -89.230771   1.3573903e-05
      -89.128207   1.5913258e-05
      -89.025643   1.6352275e-05
      -88.923078   1.4776483e-05
      -88.820514   1.1575053e-05
      -88.717950   7.5403540e-06
      -88.615386   3.6769037e-06
      -88.512822   9.5101066e-07
      -88.410258   5.1151162e-08
      -88.307694   1.2143949e-06
      -88.205130   4.1657838e-06
      -88.102566   8.1853725e-06
      -88.000001   1.2281709e-05
      -87.897437   1.5444454e-05
      -87.794873   1.6885348e-05
      -87.692309   1.6242523e-05
      -87.589745   1.3672747e-05
      -87.487181   9.8094926e-06
      -87.384617   5.6130760e-06
      -87.282053   2.1304723e-06
      -87.179489   2.3647693e-07
      -87.076925   4.1553029e-07
      -86.974360   2.6387125e-06
      -86.871796   6.3688874e-06
      -86.769232   1.0692144e-05
      -86.666668   1.4542886e-05
      -86.564104   1.6964592e-05
      -86.461540   1.7356076e-05
      -86.358976   1.5615594e-05
      -86.256412   1.2169016e-05
      -86.153848   7.8699960e-06
      -86.051284   3.7897171e-06
      -85.948719   9.4688817e-07
      -85.846155   5.9345126e-08
      -85.743591   1.3625459e-06
      -85.641027   4.5480615e-06
      -85.538463   8.8391986e-06
      -85.435899   1.3180376e-05
      -85.333335   1.6497427e-05
      -85.230771   1.7967516e-05
      -85.128207   1.7220329e-05
      -85.025643   1.4437793e-05
      -84.923078   1.0307818e-05
      -84.820514   5.8523069e-06
      -84.717950   2.1865063e-06
      -84.615386   2.2768627e-07
      -84.512822   4.7657695e-07
      -84.410258   2.8872648e-06
      -84.307694   6.8761717e-06
      -84.205130   1.1463905e-05
      -84.102566   1.5518208e-05
      -84.000001   1.8035004e-05
      -83.897437   1.8386447e-05
      -83.794873   1.6478782e-05
      -83.692309   1.2784007e-05
      -83.589745   8.2142775e-06
      -83.487181   3.9087260e-06
      -83.384617   9.4474002e-07
      -83.282053   7.1226090e-08
      -83.179489   1.5211319e-06
      -83.076925   4.9510191e-06
      -82.974360   9.5240181e-06
      -82.871796   1.4114037e-05
      -82.769232   1.7586412e-05
      -82.666668   1.9077402e-05
      -82.564104   1.8213062e-05
      -82.461540   1.5201650e-05
      -82.358976   1.0787171e-05
      -82.256412   6.0666931e-06
      -82.153848   2.2191070e-06
      -82.051284   2.1169965e-07
      -81.948719   5.5937566e-07
      -81.846155   3.1947475e-06
      -81.743591   7.4818031e-06
      -81.641027   1.2369607e-05
      -81.538463   1.6652820e-05
      -81.435899   1.9271248e-05
      -81.333335   1.9571527e-05
      -81.230771   1.7473587e-05
      -81.128207   1.3491479e-05
      -81.025643   8.6140693e-06
      -80.923078   4.0526698e-06
      -80.820514   9.4883611e-07
      -80.717950   8.7348813e-08
      -80.615386   1.6993721e-06
      -80.512822   5.4028783e-06
      -80.410258   1.0294200e-05
      -80.307694   1.5168985e-05
      -80.205130   1.8823272e-05
      -80.102566   2.0346859e-05
      -80.000001   1.9358511e-05
      -79.897437   1.6095664e-05
      -79.794873   1.1366663e-05
      -79.692309   6.3447070e-06
      -79.589745   2.2824994e-06
      -79.487181   2.0277554e-07
      -79.384617   6.3889406e-07
      -79.282053   3.5020530e-06
      -79.179489   8.1000602e-06
      -79.076925   1.3305599e-05
      -78.974360   1.7836167e-05
      -78.871796   2.0567088e-05
      -78.769232   2.0818422e-05
      -78.666668   1.8522560e-05
      -78.564104   1.4240462e-05
      -78.461540   9.0359976e-06
      -78.358976   4.2032405e-06
      -78.256412   9.5198407e-07
      -78.153848   1.0538097e-07
      -78.051284   1.8927397e-06
      -77.948719   5.8901584e-06
      -77.846155   1.1121888e-05
      -77.743591   1.6301858e-05
      -77.641027   2.0148424e-05
      -77.538463   2.1705020e-05
      -77.435899   2.0580524e-05
      -77.333335   1.7048203e-05
      -77.230771   1.1979223e-05
      -77.128207   6.6337762e-06
      -77.025643   2.3451301e-06
      -76.923078   1.9346350e-07
      -76.820514   7.3103387e-07
      -76.717950   3.8458556e-06
      -76.615386   8.7853276e-06
      -76.512822   1.4337096e-05
      -76.410258   1.9132109e-05
      -76.307694   2.1981743e-05
      -76.205130   2.2175678e-05
      -76.102566   1.9658965e-05
      -76.000001   1.5047878e-05
      -75.897437   9.4874291e-06
      -75.794873   4.3608540e-06
      -75.692309   9.5333942e-07
      -75.589745   1.2779491e-07
      -75.487181   2.1105084e-06
      -75.384617   6.4317585e-06
      -75.282053   1.2036388e-05
      -75.179489   1.7546959e-05
      -75.076925   2.1598999e-05
      -74.974360   2.3185576e-05
      -74.871796   2.1906050e-05
      -74.769232   1.8072876e-05
      -74.666668   1.2630376e-05
      -74.564104   6.9333220e-06
      -74.461540   2.4038879e-06
      -74.358976   1.8247301e-07
      -74.256412   8.4256335e-07
      -74.153848   4.2444330e-06
      -74.051284   9.5646876e-06
      -73.948719   1.5499886e-05
      -73.846155   2.0586620e-05
      -73.743591   2.3561971e-05
      -73.641027   2.3684628e-05
      -73.538463   2.0912903e-05
      -73.435899   1.5932575e-05
      -73.333335   9.9741213e-06
      -73.230771   4.5249298e-06
      -73.128207   9.5052749e-07
      -73.025643   1.5916939e-07
      -72.923078   2.3732251e-06
      -72.820514   7.0681404e-06
      -72.717950   1.3100763e-05
      -72.615386   1.8988019e-05
      -72.512822   2.3275640e-05
      -72.410258   2.4894599e-05
      -72.307694   2.3440432e-05
      -72.205130   1.9261538e-05
      -72.102566   1.3393764e-05
      -72.000001   7.2919072e-06
      -71.897437   2.4818136e-06
      -71.794873   1.7389354e-07
      -71.692309   9.6552264e-07
      -71.589745   4.6865785e-06
      -71.487181   1.0437905e-05
      -71.384617   1.6810950e-05
      -71.282053   2.2233337e-05
      -71.179489   2.5361053e-05
      -71.076925   2.5414360e-05
      -70.974360   2.2371098e-05
      -70.871796   1.6977148e-05
      -70.769232   1.0570807e-05
      -70.666668   4.7479405e-06
      -70.564104   9.6761245e-07
      -70.461540   1.9054674e-07
      -70.358976   2.6359893e-06
      -70.256412   7.7242364e-06
      -70.153848   1.4213552e-05
      -70.051284   2.0508357e-05
      -69.948719   2.5051350e-05
      -69.846155   2.6713517e-05
      -69.743591   2.5072734e-05
      -69.641027   2.0528080e-05
      -69.538463   1.4201900e-05
      -69.435899   7.6684611e-06
      -69.333335   2.5597870e-06
      -69.230771   1.6623116e-07
      -69.128207   1.1093941e-06
      -69.025643   5.1849240e-06
      -68.923078   1.1409244e-05
      -68.820514   1.8257971e-05
      -68.717950   2.4043490e-05
      -68.615386   2.7328581e-05
      -68.512822   2.7294627e-05
      -68.410258   2.3937444e-05
      -68.307694   1.8084173e-05
      -68.205130   1.1185337e-05
      -68.102566   4.9592506e-06
      -68.000001   9.7041576e-07
      -67.897437   2.3529946e-07
      -67.794873   2.9685186e-06
      -67.692309   8.5240557e-06
      -67.589745   1.5549955e-05
      -67.487181   2.2320456e-05
      -67.384617   2.7164295e-05
      -67.282053   2.8872559e-05
      -67.179489   2.7019346e-05
      -67.076925   2.2048597e-05
      -66.974360   1.5189679e-05
      -66.871796   8.1457568e-06
      -66.769232   2.6773500e-06
      -66.666668   1.6323879e-07
      -66.564104   1.2567228e-06
      -66.461540   5.7189231e-06
      -66.358976   1.2473000e-05
      -66.256412   1.9863374e-05
      -66.153848   2.6069310e-05
      -66.051284   2.9551442e-05
      -65.948719   2.9438563e-05
      -65.846155   2.5749916e-05
      -65.743591   1.9390229e-05
      -65.641027   1.1934366e-05
      -65.538463   5.2424780e-06
      -65.435899   9.9446028e-07
      -65.333335   2.7257737e-07
      -65.230771   3.2901806e-06
      -65.128207   9.3323197e-06
      -65.025643   1.6927274e-05
      -64.923078   2.4210917e-05
      -64.820514   2.9378410e-05
      -64.717950   3.1147754e-05
      -64.615386   2.9067493e-05
      -64.512822   2.3644944e-05
      -64.410258   1.6216448e-05
      -64.307694   8.6305773e-06
      -64.205130   2.7855850e-06
      -64.102566   1.5746910e-07
      -64.000001   1.4330154e-06
      -63.897437   6.3334125e-06
      -63.794873   1.3675321e-05
      -63.692309   2.1663824e-05
      -63.589745   2.8329569e-05
      -63.487181   3.2018530e-05
      -63.384617   3.1808602e-05
      -63.282053   2.7739850e-05
      -63.179489   2.0809235e-05
      -63.076925   1.2737995e-05
      -62.974360   5.5367356e-06
      -62.871796   1.0158623e-06
      -62.769232   3.2899198e-07
      -62.666668   3.6867349e-06
      -62.564104   1.0293564e-05
      -62.461540   1.8542342e-05
      -62.358976   2.6407093e-05
      -62.256412   3.1942492e-05
      -62.153848   3.3774132e-05
      -62.051284   3.1431281e-05
      -61.948719   2.5484961e-05
      -61.846155   1.7404119e-05
      -61.743591   9.1960913e-06
      -61.641027   2.9156176e-06
      -61.538463   1.5079078e-07
      -61.435899   1.6264104e-06
      -61.333335   7.0182569e-06
      -61.230771   1.5027819e-05
      -61.128207   2.3693286e-05
      -61.025643   3.0880866e-05
      -60.923078   3.4809481e-05
      -60.820514   3.4493038e-05
      -60.717950   2.9996696e-05
      -60.615386   2.2427230e-05
      -60.512822   1.3658695e-05
      -60.410258   5.8773476e-06
      -60.307694   1.0419138e-06
      -60.205130   3.8876021e-07
      -60.102566   4.1247576e-06
      -60.000001   1.1365554e-05
      -59.897437   2.0351222e-05
      -59.794873   2.8875279e-05
      -59.692309   3.4831627e-05
      -59.589745   3.6735192e-05
      -59.487181   3.4103860e-05
      -59.384617   2.7574376e-05
      -59.282053   1.8758569e-05
      -59.179489   9.8488543e-06
      -59.076925   3.0760648e-06
      -58.974360   1.5288077e-07
      -58.871796   1.8491247e-06
      -58.769232   7.7910163e-06
      -58.666668   1.6545847e-05
      -58.564104   2.5971856e-05
      -58.461540   3.3746460e-05
      -58.358976   3.7941842e-05
      -58.256412   3.7504726e-05
      -58.153848   3.2528050e-05
      -58.051284   2.4235784e-05
      -57.948719   1.4683066e-05
      -57.846155   6.2528982e-06
      -57.743591   1.0688516e-06
      -57.641027   4.6056675e-07
      -57.538463   4.6305265e-06
      -57.435899   1.2593857e-05
      -57.333335   2.2417502e-05
      -57.230771   3.1689162e-05
      -57.128207   3.8118645e-05
      -57.025643   4.0104677e-05
      -56.923078   3.7139723e-05
      -56.820514   2.9943117e-05
      -56.717950   2.0291609e-05
      -56.615386   1.0584366e-05
      -56.512822   3.2531082e-06
      -56.410258   1.5502860e-07
      -56.307694   2.1087806e-06
      -56.205130   8.6833206e-06
      -56.102566   1.8294552e-05
      -56.000001   2.8592556e-05
      -55.897437   3.7040024e-05
      -55.794873   4.1542128e-05
      -55.692309   4.0967424e-05
      -55.589745   3.5441590e-05
      -55.487181   2.6321205e-05
      -55.384617   1.5868358e-05
      -55.282053   6.6938696e-06
      -55.179489   1.1083862e-06
      -55.076925   5.5012550e-07
      -54.974360   5.2174778e-06
      -54.871796   1.4009986e-05
      -54.769232   2.4794968e-05
      -54.666668   3.4926600e-05
      -54.564104   4.1901126e-05
      -54.461540   4.3982395e-05
      -54.358976   4.0638090e-05
      -54.256412   3.2676275e-05
      -54.153848   2.2063630e-05
      -54.051284   1.1438365e-05
      -53.948719   3.4630930e-06
      -53.846155   1.6179267e-07
      -53.743591   2.4119061e-06
      -53.641027   9.7167013e-06
      -53.538463   2.0320791e-05
      -53.435899   3.1633863e-05
      -53.333335   4.0870559e-05
      -53.230771   4.5739639e-05
      -53.128207   4.5020092e-05
      -53.025643   3.8870313e-05
      -52.923078   2.8798261e-05
      -52.820514   1.7300149e-05
      -52.717950   7.2458498e-06
      -52.615386   1.1693732e-06
      -52.512822   6.3294466e-07
      -52.410258   5.8354103e-06
      -52.307694   1.5549066e-05
      -52.205130   2.7415398e-05
      -52.102566   3.8524154e-05
      -52.000001   4.6128190e-05
      -51.897437   4.8333942e-05
      -51.794873   4.4575153e-05
      -51.692309   3.5760984e-05
      -51.589745   2.4068615e-05
      -51.487181   1.2407799e-05
      -51.384617   3.7032322e-06
      -51.282053   1.6560196e-07
      -51.179489   2.7402284e-06
      -51.076925   1.0859631e-05
      -50.974360   2.2571795e-05
      -50.871796   3.5016850e-05
      -50.769232   4.5127819e-05
      -50.666668   5.0397749e-05
      -50.564104   4.9499552e-05
      -50.461540   4.2634524e-05
      -50.358976   3.1488359e-05
      -50.256412   1.8823044e-05
      -50.153848   7.8058909e-06
      -50.051284   1.2160747e-06
      -49.948719   7.5848053e-07
      -49.846155   6.6237483e-06
      -49.743591   1.7433311e-05
      -49.641027   3.0566868e-05
      -49.538463   4.2802417e-05
      -49.435899   5.1115986e-05
      -49.333335   5.3440210e-05
      -49.230771   4.9166841e-05
      -49.128207   3.9337345e-05
      -49.025643   2.6374922e-05
      -48.923078   1.3507696e-05
      -48.820514   3.9646701e-06
      -48.717950   1.7678688e-07
      -48.615386   3.1636716e-06
      -48.512822   1.2268650e-05
      -48.410258   2.5307095e-05
      -48.307694   3.9099763e-05
      -48.205130   5.0250023e-05
      -48.102566   5.5988836e-05
      -48.000001   5.4875853e-05
      -47.897437   4.7156674e-05
      -47.794873   3.4726416e-05
      -47.692309   2.0665487e-05
      -47.589745   8.4905844e-06
      -47.487181   1.2774600e-06
      -47.384617   8.9557776e-07
      -47.282053   7.5325530e-06
      -47.179489   1.9629052e-05
      -47.076925   3.4259049e-05
      -46.974360   4.7835748e-05
      -46.871796   5.7005890e-05
      -46.769232   5.9484233e-05
      -46.666668   5.4624097e-05
      -46.564104   4.3607466e-05
      -46.461540   2.9148711e-05
      -46.358976   1.4848902e-05
      -46.256412   4.2982954e-06
      -46.153848   1.8827202e-07
      -46.051284   3.6306025e-06
      -45.948719   1.3868464e-05
      -45.846155   2.8449798e-05
      -45.743591   4.3818407e-05
      -45.641027   5.6192436e-05
      -45.538463   6.2497142e-05
      -45.435899   6.1150825e-05
      -45.333335   5.2445982e-05
      -45.230771   3.8525776e-05
      -45.128207   2.2838161e-05
      -45.025643   9.3093968e-06
      -44.923078   1.3626390e-06
      -44.820514   1.0654210e-06
      -44.717950   8.6005384e-06
      -44.615386   2.2204441e-05
      -44.512822   3.8587930e-05
      -44.410258   5.3737654e-05
      -44.307694   6.3913047e-05
      -44.205130   6.6573224e-05
      -44.102566   6.1027542e-05
      -44.000001   4.8614033e-05
      -43.897437   3.2397958e-05
      -43.794873   1.6415871e-05
      -43.692309   4.6856024e-06
      -43.589745   2.0501586e-07
      -43.487181   4.1967700e-06
      -43.384617   1.5787586e-05
      -43.282053   3.2204826e-05
      -43.179489   4.9452965e-05
      -43.076925   6.3284128e-05
      -42.974360   7.0268578e-05
      -42.871796   6.8645211e-05
      -42.769232   5.8774305e-05
      -42.666668   4.3079372e-05
      -42.564104   2.5450777e-05
      -42.461540   1.0299470e-05
      -42.358976   1.4650140e-06
      -42.256412   1.2515755e-06
      -42.153848   9.8403758e-06
      -42.051284   2.5226833e-05
      -41.948719   4.3694275e-05
      -41.846155   6.0720767e-05
      -41.743591   7.2105623e-05
      -41.641027   7.4998864e-05
      -41.538463   6.8651751e-05
      -41.435899   5.4592172e-05
      -41.333335   3.6289815e-05
      -41.230771   1.8304362e-05
      -41.128207   5.1607610e-06
      -41.025643   2.2672370e-07
      -40.923078   4.8581670e-06
      -40.820514   1.8047316e-05
      -40.717950   3.6644972e-05
      -40.615386   5.6125400e-05
      -40.512822   7.1702239e-05
      -40.410258   7.9502112e-05
      -40.307694   7.7562628e-05
      -40.205130   6.6315065e-05
      -40.102566   4.8511918e-05
      -40.000001   2.8572368e-05
      -39.897437   1.1487082e-05
      -39.794873   1.5934161e-06
      -39.692309   1.4786215e-06
      -39.589745   1.1326433e-05
      -39.487181   2.8842740e-05
      -39.384617   4.9799237e-05
      -39.282053   6.9073302e-05
      -39.179489   8.1900907e-05
      -39.076925   8.5076948e-05
      -38.974360   7.7768166e-05
      -38.871796   6.1735617e-05
      -38.769232   4.0934241e-05
      -38.666668   2.0551635e-05
      -38.564104   5.7209577e-06
      -38.461540   2.5386583e-07
      -38.358976   5.6686140e-06
      -38.256412   2.0792028e-05
      -38.153848   4.2023998e-05
      -38.051284   6.4204230e-05
      -37.948719   8.1879446e-05
      -37.846155   9.0660258e-05
      -37.743591   8.8329728e-05
      -37.641027   7.5404902e-05
      -37.538463   5.5048199e-05
      -37.435899   3.2314384e-05
      -37.333335   1.2899708e-05
      -37.230771   1.7406651e-06
      -37.128207   1.7728280e-06
      -37.025643   1.3179862e-05
      -36.923078   3.3314221e-05
      -36.820514   5.7328575e-05
      -36.717950   7.9358768e-05
      -36.615386   9.3960290e-05
      -36.512822   9.7482847e-05
      -36.410258   8.8996676e-05
      -36.307694   7.0542503e-05
      -36.205130   4.6672595e-05
      -36.102566   2.3340395e-05
      -36.000001   6.4289217e-06
      -35.897437   2.9667554e-07
      -35.794873   6.6656527e-06
      -35.692309   2.4167092e-05
      -35.589745   4.8645969e-05
      -35.487181   7.4163132e-05
      -35.384617   9.4450812e-05
      -35.282053   0.00010447277
      -35.179489   0.00010168994
      -35.076925   8.6723740e-05
      -34.974360   6.3231983e-05
      -34.871796   3.7041457e-05
      -34.769232   1.4721753e-05
      -34.666668   1.9532403e-06
      -34.564104   2.1075640e-06
      -34.461540   1.5379435e-05
      -34.358976   3.8699694e-05
      -34.256412   6.6460378e-05
      -34.153848   9.1885991e-05
      -34.051284   0.00010869446
      -33.948719   0.00011268280
      -33.846155   0.00010278857
      -33.743591   8.1387396e-05
      -33.641027   5.3762717e-05
      -33.538463   2.6802312e-05
      -33.435899   7.3190655e-06
      -33.333335   3.4587803e-07
      -33.230771   7.8632049e-06
      -33.128207   2.8266937e-05
      -33.025643   5.6725127e-05
      -32.923078   8.6340898e-05
      -32.820514   0.00010984253
      -32.717950   0.00012139442
      -32.615386   0.00011805775
      -32.512822   0.00010057675
      -32.410258   7.3223733e-05
      -32.307694   4.2785606e-05
      -32.205130   1.6904819e-05
      -32.102566   2.1897429e-06
      -32.000001   2.5503721e-06
      -31.897437   1.8193109e-05
      -31.794873   4.5517677e-05
      -31.692309   7.7973900e-05
      -31.589745   0.00010764453
      -31.487181   0.00012720679
      -31.384617   0.00013175327
      -31.282053   0.00012006849
      -31.179489   9.4956367e-05
      -31.076925   6.2606973e-05
      -30.974360   3.1097026e-05
      -30.871796   8.4049728e-06
      -30.769232   4.1630638e-07
      -30.666668   9.4359670e-06
      -30.564104   3.3563449e-05
      -30.461540   6.7106018e-05
      -30.358976   0.00010195432
      -30.256412   0.00012955872
      -30.153848   0.00014306302
      -30.051284   0.00013903088
      -29.948719   0.00011834944
      -29.846155   8.6065202e-05
      -29.743591   5.0191733e-05
      -29.641027   1.9744233e-05
      -29.538463   2.5129417e-06
      -29.435899   3.1063712e-06
      -29.333335   2.1753914e-05
      -29.230771   5.4190017e-05
      -29.128207   9.2659187e-05
      -29.025643   0.00012778402
      -28.923078   0.00015090239
      -28.820514   0.00015621014
      -28.717950   0.00014227428
      -28.615386   0.00011242818
      -28.512822   7.4025815e-05
      -28.410258   3.6667184e-05
      -28.307694   9.8250948e-06
      -28.205130   4.9513748e-07
      -28.102566   1.1409582e-05
      -28.000001   4.0298047e-05
      -27.897437   8.0372540e-05
      -27.794873   0.00012196537
      -27.692309   0.00015488271
      -27.589745   0.00017094228
      -27.487181   0.00016604967
      -27.384617   0.00014126773
      -27.282053   0.00010263892
      -27.179489   5.9751999e-05
      -27.076925   2.3402509e-05
      -26.974360   2.9204385e-06
      -26.871796   3.8275036e-06
      -26.769232   2.6396289e-05
      -26.666668   6.5504549e-05
      -26.564104   0.00011183054
      -26.461540   0.00015410602
      -26.358976   0.00018190449
      -26.256412   0.00018824643
      -26.153848   0.00017139798
      -26.051284   0.00013537521
      -25.948719   8.9059034e-05
      -25.846155   4.4022036e-05
      -25.743591   1.1717019e-05
      -25.641027   6.0415525e-07
      -25.538463   1.3994905e-05
      -25.435899   4.9144049e-05
      -25.333335   9.7838502e-05
      -25.230771   0.00014835685
      -25.128207   0.00018833119
      -25.025643   0.00020782382
      -24.923078   0.00020184596
      -24.820514   0.00017167788
      -24.717950   0.00012466926
      -24.615386   7.2487559e-05
      -24.512822   2.8290087e-05
      -24.410258   3.4694307e-06
      -24.307694   4.7767196e-06
      -24.205130   3.2563616e-05
      -24.102566   8.0579989e-05
      -24.000001   0.00013742717
      -23.897437   0.00018931166
      -23.794873   0.00022343840
      -23.692309   0.00023123448
      -23.589745   0.00021053672
      -23.487181   0.00016627179
      -23.384617   0.00010933112
      -23.282053   5.3966862e-05
      -23.179489   1.4294768e-05
      -23.076925   7.6593725e-07
      -22.974360   1.7498533e-05
      -22.871796   6.1136273e-05
      -22.769232   0.00012154573
      -22.666668   0.00018423702
      -22.564104   0.00023387961
      -22.461540   0.00025813283
      -22.358976   0.00025076692
      -22.256412   0.00021333174
      -22.153848   0.00015492359
      -22.051284   9.0040369e-05
      -21.948719   3.5081140e-05
      -21.846155   4.2643600e-06
      -21.743591   6.0656077e-06
      -21.641027   4.0975142e-05
      -21.538463   0.00010123240
      -21.435899   0.00017260118
      -21.333335   0.00023780595
      -21.230771   0.00028077625
      -21.128207   0.00029069768
      -21.025643   0.00026480019
      -20.923078   0.00020920342
      -20.820514   0.00013757842
      -20.717950   6.7876567e-05
      -20.615386   1.7921403e-05
      -20.512822   9.7122461e-07
      -20.410258   2.2304890e-05
      -20.307694   7.7753052e-05
      -20.205130   0.00015453881
      -20.102566   0.00023430448
      -20.000001   0.00029757770
      -19.897437   0.00032861070
      -19.794873   0.00031939723
      -19.692309   0.00027183112
      -19.589745   0.00019743905
      -19.487181   0.00011470100
      -19.384617   4.4583774e-05
      -19.282053   5.3504433e-06
      -19.179489   7.9447909e-06
      -19.076925   5.3091654e-05
      -18.974360   0.00013090833
      -18.871796   0.00022312662
      -18.769232   0.00030749323
      -18.666668   0.00036323587
      -18.564104   0.00037627361
      -18.461540   0.00034292077
      -18.358976   0.00027101808
      -18.256412   0.00017820885
      -18.153848   8.7808152e-05
      -18.051284   2.3042427e-05
      -17.948719   1.2861753e-06
      -17.846155   2.9560449e-05
      -17.743591   0.00010254554
      -17.641027   0.00020362724
      -17.538463   0.00030877161
      -17.435899   0.00039238908
      -17.333335   0.00043366692
      -17.230771   0.00042190086
      -17.128207   0.00035941158
      -17.025643   0.00026127752
      -16.923078   0.00015188185
      -16.820514   5.9013496e-05
      -16.717950   7.0367730e-06
      -16.615386   1.0685040e-05
      -16.512822   7.1152350e-05
      -16.410258   0.00017545649
      -16.307694   0.00029931829
      -16.205130   0.00041297875
      -16.102566   0.00048848951
      -16.000001   0.00050673626
      -15.897437   0.00046248097
      -15.794873   0.00036601868
      -15.692309   0.00024100556
      -15.589745   0.00011887126
      -15.487181   3.1192204e-05
      -15.384617   1.7622203e-06
      -15.282053   4.0443928e-05
      -15.179489   0.00014032051
      -15.076925   0.00027897050
      -14.974360   0.00042366217
      -14.871796   0.00053927413
      -14.769232   0.00059700701
      -14.666668   0.00058179928
      -14.564104   0.00049644828
      -14.461540   0.00036145075
      -14.358976   0.00021036095
      -14.256412   8.1747588e-05
      -14.153848   9.6896085e-06
      -14.051284   1.5104127e-05
      -13.948719   0.00010012365
      -13.846155   0.00024700618
      -13.743591   0.00042197671
      -13.641027   0.00058325786
      -13.538463   0.00069123328
      -13.435899   0.00071850064
      -13.333335   0.00065708971
      -13.230771   0.00052107636
      -13.128207   0.00034372309
      -13.025643   0.00016975417
      -12.923078   4.4501009e-05
      -12.820514   2.5573522e-06
      -12.717950   5.8757255e-05
      -12.615386   0.00020381495
      -12.512822   0.00040586784
      -12.410258   0.00061771630
      -12.307694   0.00078819851
      -12.205130   0.00087482062
      -12.102566   0.00085478427
      -12.000001   0.00073136291
      -11.897437   0.00053393162
      -11.794873   0.00031156438
      -11.692309   0.00012134703
      -11.589745   1.4387081e-05
      -11.487181   2.2723088e-05
      -11.384617   0.00015062688
      -11.282053   0.00037252352
      -11.179489   0.00063831323
      -11.076925   0.00088507857
      -10.974360    0.0010524124
      -10.871796    0.0010976505
      -10.769232    0.0010073212
      -10.666668   0.00080162828
      -10.564104   0.00053064922
      -10.461540   0.00026297681
      -10.358976   6.9141141e-05
      -10.256412   4.0095430e-06
      -10.153848   9.2338562e-05
      -10.051284   0.00032133962
      -9.9487194   0.00064235689
      -9.8461553   0.00098163438
      -9.7435912    0.0012577897
      -9.6410271    0.0014020087
      -9.5384630    0.0013759096
      -9.4358989    0.0011824739
      -9.3333348   0.00086712402
      -9.2307707   0.00050822223
      -9.1282066   0.00019875465
      -9.0256425   2.3606887e-05
      -8.9230784   3.7830887e-05
      -8.8205143   0.00025140307
      -8.7179502   0.00062460861
      -8.6153861    0.0010757099
      -8.5128220    0.0014995375
      -8.4102579    0.0017928606
      -8.3076938    0.0018805297
      -8.2051297    0.0017357913
      -8.1025656    0.0013895338
      -8.0000015   0.00092540039
      -7.8974374   0.00046140164
      -7.7948733   0.00012203606
      -7.6923092   7.1604532e-06
      -7.5897451   0.00016551909
      -7.4871810   0.00057966880
      -7.3846169    0.0011667585
      -7.2820528    0.0017957815
      -7.1794887    0.0023180120
      -7.0769246    0.0026034642
      -6.9743605    0.0025749731
      -6.8717964    0.0022307280
      -6.7692323    0.0016493253
      -6.6666682   0.00097486911
      -6.5641041   0.00038457998
      -6.4615400   4.6104418e-05
      -6.3589758   7.4564167e-05
      -6.2564117   0.00050003844
      -6.1538476    0.0012544113
      -6.0512835    0.0021820055
      -5.9487194    0.0030731188
      -5.8461553    0.0037133484
      -5.7435912    0.0039377063
      -5.6410271    0.0036758689
      -5.5384630    0.0029770942
      -5.4358989    0.0020067528
      -5.3333348    0.0010132559
      -5.2307707   0.00027166786
      -5.1282066   1.6150049e-05
      -5.0256425   0.00037742368
      -4.9230784    0.0013412187
      -4.8205143    0.0027398319
      -4.7179502    0.0042817056
      -4.6153861    0.0056146038
      -4.5128220    0.0064099308
      -4.4102579    0.0064482680
      -4.3076938    0.0056856897
      -4.2051297    0.0042819892
      -4.1025656    0.0025803775
      -4.0000015    0.0010391734
      -3.8974374   0.00012770662
      -3.7948733   0.00020871997
      -3.6923092    0.0014350963
      -3.5897451    0.0036880496
      -3.4871810    0.0065766470
      -3.3846169    0.0095053869
      -3.2820528     0.011801101
      -3.1794887     0.012874986
      -3.0769246     0.012383851
      -2.9743605     0.010351458
      -2.8717964    0.0072149447
      -2.7692323    0.0037757492
      -2.6666682    0.0010534306
      -2.5641041   6.4781089e-05
      -2.4615400    0.0015702956
      -2.3589758    0.0058437135
      -2.2564117     0.012522788
      -2.1538476     0.020589367
      -2.0512835     0.028504667
      -1.9487194     0.034495280
      -1.8461553     0.036952720
      -1.7435912     0.034878356
      -1.6410271     0.028288973
      -1.5384630     0.018491820
      -1.4358989    0.0081539452
      -1.3333348    0.0011196987
      -1.2307707    0.0019734049
      -1.1282066     0.015391881
      -1.0256425     0.045374103
     -0.92307841     0.094468048
     -0.82051431      0.16312587
     -0.71795021      0.24930870
     -0.61538611      0.34842962
     -0.51282200      0.45367262
     -0.41025790      0.55666653
     -0.30769380      0.64843153
     -0.20512970      0.72047076
     -0.10256559      0.76584730
  -1.4901161e-06      0.78008746
      0.10256261      0.76177198
      0.20512672      0.71272491
      0.30769082      0.63777149
      0.41025492      0.54409992
      0.51281902      0.44032954
      0.61538313      0.33542136
      0.71794723      0.23759790
      0.82051133      0.15342389
      0.92307543     0.087174361
       1.0256395     0.040563033
       1.1282036     0.012845858
       1.2307677    0.0012525399
       1.3333318    0.0016552596
       1.4358959    0.0093483856
       1.5384600     0.019809175
       1.6410242     0.029322808
       1.7435883     0.035389092
       1.8461524     0.036871769
       1.9487165     0.033900249
       2.0512806     0.027573573
       2.1538447     0.019544963
       2.2564088     0.011578066
       2.3589729    0.0051589796
       2.4615370    0.0012274576
       2.5641011   6.1872388e-05
       2.6666652    0.0013172067
       2.7692293    0.0041874114
       2.8717934    0.0076418225
       2.9743575     0.010677625
       3.0769216     0.012533017
       3.1794857     0.012821858
       3.2820498     0.011570597
       3.3846139    0.0091607721
       3.4871780    0.0062007716
       3.5897421    0.0033622774
       3.6923062    0.0012210615
       3.7948703   0.00013645599
       3.8974344   0.00019206549
       3.9999985    0.0012045874
       4.1025626    0.0027920091
       4.2051267    0.0044801395
       4.3076908    0.0058199264
       4.4102549    0.0064881162
       4.5128190    0.0063501037
       4.6153831    0.0054738404
       4.7179472    0.0040962488
       4.8205113    0.0025535587
       4.9230754    0.0011947041
       5.0256395   0.00029876953
       5.1282036   1.5420460e-05
       5.2307677   0.00033998704
       5.3333318    0.0011263537
       5.4358959    0.0021318474
       5.5384600    0.0030811985
       5.6410242    0.0037335625
       5.7435883    0.0039365449
       5.8461524    0.0036558349
       5.9487165    0.0029750023
       6.0512806    0.0020677087
       6.1538447    0.0011505678
       6.2564088   0.00042909887
       6.3589729   4.9720616e-05
       6.4615370   6.8808542e-05
       6.5641011   0.00044495175
       6.6666652    0.0010547557
       6.7692293    0.0017271510
       6.8717934    0.0022868061
       6.9743575    0.0025961027
       7.0769216    0.0025856187
       7.1794857    0.0022667700
       7.2820498    0.0017244185
       7.3846139    0.0010926186
       7.4871780   0.00051980841
       7.5897421   0.00013262317
       7.6923062   6.7835097e-06
       7.7948703   0.00015167078
       7.8974344   0.00051152040
       7.9999985   0.00098212446
       8.1025626    0.0014381969
       8.2051267    0.0017644618
       8.3076908    0.0018827400
       8.4102549    0.0017688745
       8.5128190    0.0014559128
       8.6153831    0.0010234096
       8.7179472   0.00057613705
       8.8205113   0.00021772254
       8.9230754   2.5829205e-05
       9.0256395   3.4627502e-05
       9.1282036   0.00022855370
       9.2307677   0.00054826702
       9.3333318   0.00090683750
       9.4358959    0.0012118783
       9.5384600    0.0013880406
       9.6410242    0.0013943660
       9.7435883    0.0012327824
       9.8461524   0.00094575810
       9.9487165   0.00060445908
       10.051281   0.00029033427
       10.153845   7.5089202e-05
       10.256409   3.7681853e-06
       10.358973   8.4916211e-05
       10.461537   0.00028996586
       10.564101   0.00056157232
       10.666665   0.00082856843
       10.769229    0.0010237091
       10.871793    0.0010997271
       10.974357    0.0010400703
       11.076922   0.00086171353
       11.179486   0.00060981390
       11.282050   0.00034580686
       11.384614   0.00013189136
       11.487178   1.5972960e-05
       11.589742   2.0574049e-05
       11.692306   0.00013825953
       11.794870   0.00033449094
       11.897434   0.00055691749
       11.999999   0.00074867208
       12.102563   0.00086231169
       12.205127   0.00087097167
       12.307691   0.00077422839
       12.410255   0.00059728600
       12.512819   0.00038403703
       12.615383   0.00018580788
       12.717947   4.8657543e-05
       12.820511   2.3809135e-06
       12.923075   5.3783131e-05
       13.025640   0.00018576452
       13.128204   0.00036221077
       13.230768   0.00053736658
       13.333332   0.00066720413
       13.435896   0.00072013323
       13.538460   0.00068422253
       13.641024   0.00056954883
       13.743588   0.00040506579
       13.846152   0.00023102638
       13.948716   8.8845164e-05
       14.051281   1.1003336e-05
       14.153845   1.3413801e-05
       14.256409   9.2028531e-05
       14.358973   0.00022438712
       14.461537   0.00037561216
       14.564101   0.00050723378
       14.666665   0.00058665570
       14.769229   0.00059492610
       14.871793   0.00053094861
       14.974357   0.00041129619
       15.076922   0.00026565394
       15.179486   0.00012927509
       15.282050   3.4217492e-05
       15.384614   1.6392172e-06
       15.487178   3.6932336e-05
       15.589742   0.00012882376
       15.692306   0.00025255678
       15.794870   0.00037627115
       15.897434   0.00046894936
       15.999999   0.00050795499
       16.102563   0.00048431809
       16.205127   0.00040459955
       16.307691   0.00028888277
       16.410255   0.00016554050
       16.512819   6.4124487e-05
       16.615383   8.1120814e-06
       16.717947   9.3559368e-06
       16.820511   6.5459555e-05
       16.923075   0.00016071228
       17.025640   0.00027024637
       17.128204   0.00036630764
       17.230768   0.00042511085
       17.333332   0.00043252733
       17.435896   0.00038732279
       17.538460   0.00030113189
       17.641024   0.00019534695
       17.743588   9.5648479e-05
       17.846152   2.5650531e-05
       17.948716   1.1899373e-06
       18.051281   2.6627859e-05
       18.153845   9.4055776e-05
       18.256409   0.00018549717
       18.358973   0.00027751951
       18.461537   0.00034708602
       18.564101   0.00037716292
       18.666665   0.00036075001
       18.769229   0.00030235827
       18.871793   0.00021668049
       18.974357   0.00012475576
       19.076922   4.8713505e-05
       19.179486   6.3292745e-06
       19.282050   6.7832409e-06
       19.384614   4.8597529e-05
       19.487178   0.00012022241
       19.589742   0.00020307001
       19.692306   0.00027619790
       19.794870   0.00032149572
       19.897434   0.00032801490
       19.999999   0.00029454661
       20.102563   0.00022967109
       20.205127   0.00014948791
       20.307691   7.3530780e-05
       20.410255   1.9907974e-05
       20.512819   9.1028782e-07
       20.615383   2.0122902e-05
       20.717947   7.1719751e-05
       20.820511   0.00014207544
       20.923075   0.00021324035
       21.025640   0.00026742687
       21.128204   0.00029134656
       21.230768   0.00027938180
       21.333332   0.00023479769
       21.435896   0.00016878210
       21.538460   9.7576052e-05
       21.641024   3.8367848e-05
       21.743588   5.1002896e-06
       21.846152   5.1124624e-06
       21.948716   3.7467312e-05
       22.051281   9.3333962e-05
       22.153845   0.00015828969
       22.256409   0.00021596726
       22.358973   0.00025207804
       22.461537   0.00025787949
       22.564101   0.00023220198
       22.666665   0.00018161831
       22.769229   0.00011867645
       22.871793   5.8731605e-05
       22.974357   1.6128980e-05
       23.076922   7.2329741e-07
       23.179486   1.5535767e-05
       23.282050   5.6142760e-05
       23.384614   0.00011188303
       23.487178   0.00016858018
       23.589742   0.00021207106
       23.692306   0.00023168130
       23.794870   0.00022276785
       23.897434   0.00018775884
       23.999999   0.00013542730
       24.102563   7.8656628e-05
       24.205127   3.1187650e-05
       24.307691   4.2650432e-06
       24.410255   3.9075263e-06
       24.512819   2.9531953e-05
       24.615383   7.4202100e-05
       24.717947   0.00012643271
       24.820511   0.00017308201
       24.923075   0.00020259277
       25.025640   0.00020779439
       25.128204   0.00018760263
       25.230768   0.00014716898
       25.333332   9.6522797e-05
       25.435896   4.8039082e-05
       25.538460   1.3364335e-05
       25.641024   5.8060152e-07
       25.743588   1.2275103e-05
       25.846152   4.5000620e-05
       25.948716   9.0207770e-05
       26.051281   0.00013642912
       26.153845   0.00017212819
       26.256409   0.00018853600
       26.358973   0.00018174116
       26.461537   0.00015359423
       26.564101   0.00011113955
       26.666665   6.4834498e-05
       26.769229   2.5920176e-05
       26.871793   3.6502671e-06
       26.974357   3.0644841e-06
       27.076922   2.3811428e-05
       27.179486   6.0314257e-05
       27.282050   0.00010322445
       27.384614   0.00014175463
       27.487178   0.00016636479
       27.589742   0.00017106277
       27.692306   0.00015484077
       27.794870   0.00012181956
       27.897434   8.0194335e-05
       27.999999   4.0149475e-05
       28.102563   1.1328124e-05
       28.205127   4.8919031e-07
       28.307691   9.8808176e-06
       28.410255   3.6759803e-05
       28.512819   7.4134427e-05
       28.615383   0.00011254491
       28.717947   0.00014240868
       28.820511   0.00015638173
       28.923075   0.00015111745
       29.025640   0.00012804878
       29.128204   9.2949450e-05
       29.230768   5.4465162e-05
       29.333332   2.1955726e-05
       29.435896   3.1831770e-06
       29.538460   2.4373821e-06
       29.641024   1.9525155e-05
       29.743588   4.9880387e-05
       29.846152   8.5751644e-05
       29.948716   0.00011813338
       30.051281   0.00013901345
       30.153845   0.00014329181
       30.256409   0.00013002934
       30.358973   0.00010259332
       30.461537   6.7792587e-05
       30.564101   3.4145158e-05
       30.666665   9.7757321e-06
       30.769229   4.2653969e-07
       30.871793   8.0762840e-06
       30.974357   3.0509023e-05
       31.076922   6.1910611e-05
       31.179486   9.4344003e-05
       31.282050   0.00011972364
       31.384614   0.00013180660
       31.487178   0.00012768768
       31.589742   0.00010848517
       31.692306   7.9004121e-05
       31.794870   4.6506083e-05
       31.897434   1.8910844e-05
       31.999999   2.8243299e-06
       32.102563   1.9482634e-06
       32.205127   1.6204960e-05
       32.307691   4.1801905e-05
       32.410255   7.2215953e-05
       32.512819   9.9817716e-05
       32.615383   0.00011777134
       32.717947   0.00012169064
       32.820511   0.00011069813
       32.923075   8.7578766e-05
       33.025640   5.8073192e-05
       33.128204   2.9409543e-05
       33.230768   8.5274810e-06
       33.333332   3.6916909e-07
       33.435896   6.6953334e-06
       33.538460   2.5689119e-05
       33.641024   5.2441445e-05
       33.743588   8.0211478e-05
       33.846152   0.00010207417
       33.948716   0.00011264725
       34.051281   0.00010938807
       34.153845   9.3179832e-05
       34.256409   6.8069171e-05
       34.358973   4.0250645e-05
       34.461537   1.6506308e-05
       34.564101   2.5373256e-06
       34.666665   1.5825251e-06
       34.769229   1.3644965e-05
       34.871793   3.5532773e-05
       34.974357   6.1678024e-05
       35.076922   8.5535088e-05
       35.179486   0.00010119738
       35.282050   0.00010483057
       35.384614   9.5615973e-05
       35.487178   7.5882796e-05
       35.589742   5.0523772e-05
       35.692306   2.5760670e-05
       35.794870   7.5927800e-06
       35.897434   3.3482851e-07
       35.999999   5.5722864e-06
       36.102563   2.1806402e-05
       36.205127   4.4853359e-05
       36.307691   6.8907732e-05
       36.410255   8.7978065e-05
       36.512819   9.7371285e-05
       36.615383   9.4814694e-05
       36.717947   8.1009873e-05
       36.820511   5.9398661e-05
       36.923075   3.5314731e-05
       37.025640   1.4633505e-05
       37.128204   2.3312021e-06
       37.230768   1.2712020e-06
       37.333332   1.1524672e-05
       37.435896   3.0383571e-05
       37.538460   5.3056305e-05
       37.641024   7.3868126e-05
       37.743588   8.7659464e-05
       37.846152   9.1062042e-05
       37.948716   8.3285520e-05
       38.051281   6.6301671e-05
       38.153845   4.4324253e-05
       38.256409   2.2746116e-05
       38.358973   6.8063373e-06
       38.461537   3.0410785e-07
       38.564101   4.6781686e-06
       38.666665   1.8680962e-05
       38.769229   3.8713009e-05
       38.871793   5.9732382e-05
       38.974357   7.6507766e-05
       39.076922   8.4902498e-05
       39.179486   8.2888615e-05
       39.282050   7.1014101e-05
       39.384614   5.2244484e-05
       39.487178   3.1208375e-05
       39.589742   1.3047761e-05
       39.692306   2.1409109e-06
       39.794870   1.0414511e-06
       39.897434   9.8668803e-06
       39.999999   2.6294529e-05
       40.102563   4.6159586e-05
       40.205127   6.4491544e-05
       40.307691   7.6749195e-05
       40.410255   7.9935613e-05
       40.512819   7.3303458e-05
       40.615383   5.8535455e-05
       40.717947   3.9290868e-05
       40.820511   2.0297280e-05
       40.923075   6.1710968e-06
       41.025640   2.8801377e-07
       41.128204   3.9648368e-06
       41.230768   1.6156725e-05
       41.333332   3.3735219e-05
       41.435896   5.2284242e-05
       41.538460   6.7185609e-05
       41.641024   7.4768713e-05
       41.743588   7.3194902e-05
       41.846152   6.2898125e-05
       41.948716   4.6444570e-05
       42.051281   2.7896307e-05
       42.153845   1.1784502e-05
       42.256409   2.0032976e-06
       42.358973   8.4925308e-07
       42.461537   8.4785053e-06
       42.564101   2.2888053e-05
       42.666665   4.0427297e-05
       42.769229   5.6711684e-05
       42.871793   6.7706638e-05
       42.974357   7.0719750e-05
       43.076922   6.5043424e-05
       43.179486   5.2113563e-05
       43.282050   3.5136166e-05
       43.384614   1.8283037e-05
       43.487178   5.6563532e-06
       43.589742   2.7864185e-07
       43.692306   3.3653410e-06
       43.794870   1.4040667e-05
       43.897434   2.9569451e-05
       43.999999   4.6051096e-05
       44.102563   5.9387833e-05
       44.205127   6.6291626e-05
       44.307691   6.5084981e-05
       44.410255   5.6106643e-05
       44.512819   4.1591811e-05
       44.615383   2.5123445e-05
       44.717947   1.0730479e-05
       44.820511   1.8932333e-06
       44.923075   6.9552225e-07
       45.025640   7.3239065e-06
       45.128204   2.0039503e-05
       45.230768   3.5621653e-05
       45.333332   5.0180757e-05
       45.435896   6.0104751e-05
       45.538460   6.2962338e-05
       45.641024   5.8077600e-05
       45.743588   4.6687445e-05
       45.846152   3.1616223e-05
       45.948716   1.6567925e-05
       46.051281   5.2113857e-06
       46.153845   2.7172956e-07
       46.256409   2.8755614e-06
       46.358973   1.2284284e-05
       46.461537   2.6090798e-05
       46.564101   4.0833164e-05
       46.666665   5.2842486e-05
       46.769229   5.9162029e-05
       46.871793   5.8249206e-05
       46.974357   5.0364548e-05
       47.076922   3.7474380e-05
       47.179486   2.2757933e-05
       47.282050   9.8176206e-06
       47.384614   1.7864874e-06
       47.487178   5.6672745e-07
       47.589742   6.3667013e-06
       47.692306   1.7667782e-05
       47.794870   3.1613602e-05
       47.897434   4.4720697e-05
       47.999999   5.3742722e-05
       48.102563   5.6467485e-05
       48.205127   5.2245070e-05
       48.307691   4.2147169e-05
       48.410255   2.8676881e-05
       48.512819   1.5144663e-05
       48.615383   4.8509352e-06
       48.717947   2.7195440e-07
       48.820511   2.4564116e-06
       48.923075   1.0781826e-05
       49.025640   2.3122080e-05
       49.128204   3.6379463e-05
       49.230768   4.7260305e-05
       49.333332   5.3075721e-05
       49.435896   5.2414852e-05
       49.538460   4.5465348e-05
       49.641024   3.3959476e-05
       49.743588   2.0737915e-05
       49.846152   9.0399044e-06
       49.948716   1.7033920e-06
       50.051281   4.6853807e-07
       50.153845   5.5634993e-06
       50.256409   1.5656357e-05
       50.358973   2.8196754e-05
       50.461537   4.0053648e-05
       50.564101   4.8289252e-05
       50.666665   5.0883783e-05
       50.769229   4.7216647e-05
       50.871793   3.8214108e-05
       50.974357   2.6109857e-05
       51.076922   1.3880901e-05
       51.179486   4.5143978e-06
       51.282050   2.6585247e-07
       51.384614   2.1171401e-06
       51.487178   9.5414664e-06
       51.589742   2.0644562e-05
       51.692306   3.2643432e-05
       51.794870   4.2557940e-05
       51.897434   4.7940521e-05
       51.999999   4.7476369e-05
       52.102563   4.1304073e-05
       52.205127   3.0964792e-05
       52.307691   1.9007857e-05
       52.410255   8.3649049e-06
       52.512819   1.6223163e-06
       52.615383   3.8597425e-07
       52.717947   4.8963752e-06
       52.820511   1.3978052e-05
       52.923075   2.5341487e-05
       53.025640   3.6154490e-05
       53.128204   4.3736292e-05
       53.230768   4.6230296e-05
       53.333332   4.3036483e-05
       53.435896   3.4963027e-05
       53.538460   2.4010861e-05
       53.641024   1.2873953e-05
       53.743588   4.2695052e-06
       53.846152   2.7501582e-07
       53.948716   1.8162042e-06
       54.051281   8.4519680e-06
       54.153845   1.8491296e-05
       54.256409   2.9418376e-05
       54.358973   3.8520594e-05
       54.461537   4.3550336e-05
       54.564101   4.3283919e-05
       54.666665   3.7804130e-05
       54.769229   2.8478442e-05
       54.871793   1.7607934e-05
       54.974357   7.8562977e-06
       55.076922   1.5924165e-06
       55.179486   3.0989059e-07
       55.282050   4.2653510e-06
       55.384614   1.2426264e-05
       55.487178   2.2732614e-05
       55.589742   3.2612238e-05
       55.692306   3.9618109e-05
       55.794870   4.2029365e-05
       55.897434   3.9266575e-05
       55.999999   3.2025686e-05
       56.102563   2.2107452e-05
       56.205127   1.1948872e-05
       56.307691   4.0349200e-06
       56.410255   2.7820843e-07
       56.512819   1.5552769e-06
       56.615383   7.4983330e-06
       56.717947   1.6594190e-05
       56.820511   2.6566180e-05
       56.923075   3.4936221e-05
       57.025640   3.9639361e-05
       57.128204   3.9529245e-05
       57.230768   3.4646521e-05
       57.333332   2.6210685e-05
       57.435896   1.6303100e-05
       57.538460   7.3538220e-06
       57.641024   1.5392715e-06
       57.743588   2.4932454e-07
       57.846152   3.7513692e-06
       57.948716   1.1131767e-05
       58.051281   2.0530771e-05
       58.153845   2.9602072e-05
       58.256409   3.6100234e-05
       58.358973   3.8428307e-05
       58.461537   3.6024634e-05
       58.564101   2.9497718e-05
       58.666665   2.0465747e-05
       58.769229   1.1152193e-05
       58.871793   3.8355556e-06
       58.974357   2.8553647e-07
       59.076922   1.3348185e-06
       59.179486   6.6774148e-06
       59.282050   1.4955719e-05
       59.384614   2.4096290e-05
       59.487178   3.1829798e-05
       59.589742   3.6247873e-05
       59.692306   3.6269272e-05
       59.794870   3.1906789e-05
       59.897434   2.4244860e-05
       59.999999   1.5175430e-05
       60.102563   6.9246491e-06
       60.205127   1.5009008e-06
       60.307691   2.0433630e-07
       60.410255   3.3098400e-06
       60.512819   1.0009589e-05
       60.615383   1.8615977e-05
       60.717947   2.6981307e-05
       60.820511   3.3037748e-05
       60.923075   3.5293336e-05
       61.025640   3.3206554e-05
       61.128204   2.7302872e-05
       61.230768   1.9046886e-05
       61.333332   1.0469682e-05
       61.435896   3.6704420e-06
       61.538460   2.9590964e-07
       61.641024   1.1387156e-06
       61.743588   5.9491463e-06
       61.846152   1.3504826e-05
       61.948716   2.1912175e-05
       62.051281   2.9086363e-05
       62.153845   3.3255317e-05
       62.256409   3.3398447e-05
       62.358973   2.9495062e-05
       62.461537   2.2517860e-05
       62.564101   1.4189138e-05
       62.666665   6.5539722e-06
       62.769229   1.4731163e-06
       62.871793   1.6622900e-07
       62.974357   2.9172041e-06
       63.076922   9.0091216e-06
       63.179486   1.6908534e-05
       63.282050   2.4647310e-05
       63.384614   3.0309220e-05
       63.487178   3.2499223e-05
       63.589742   3.0691886e-05
       63.692306   2.5343285e-05
       63.794870   1.7777020e-05
       63.897434   9.8591980e-06
       63.999999   3.5254537e-06
       64.102563   3.1237552e-07
       64.205127   9.7770434e-07
       64.307691   5.3207421e-06
       64.410255   1.2235804e-05
       64.512819   1.9994479e-05
       64.615383   2.6667795e-05
       64.717947   3.0609856e-05
       64.820511   3.0854623e-05
       64.923075   2.7353128e-05
       65.025640   2.0979381e-05
       65.128204   1.3304972e-05
       65.230768   6.2175679e-06
       65.333332   1.4438300e-06
       65.435896   1.3290557e-07
       65.538460   2.5741539e-06
       65.641024   8.1320973e-06
       65.743588   1.5408645e-05
       65.846152   2.2591477e-05
       65.948716   2.7901764e-05
       66.051281   3.0033228e-05
       66.153845   2.8469389e-05
       66.256409   2.3607561e-05
       66.358973   1.6651227e-05
       66.461537   9.3139404e-06
       66.564101   3.3935831e-06
       66.666665   3.2583292e-07
       66.769229   8.3843249e-07
       66.871793   4.7726973e-06
       66.974357   1.1130232e-05
       67.076922   1.8321023e-05
       67.179486   2.4561747e-05
       67.282050   2.8310162e-05
       67.384614   2.8651942e-05
       67.487178   2.5512302e-05
       67.589742   1.9671190e-05
       67.692306   1.2572800e-05
       67.794870   5.9591801e-06
       67.897434   1.4425528e-06
       67.999999   1.0937226e-07
       68.102563   2.2566247e-06
       68.205127   7.3230756e-06
       68.307691   1.4032257e-05
       68.410255   2.0714484e-05
       68.512819   2.5711649e-05
       68.615383   2.7796219e-05
       68.717947   2.6462299e-05
       68.820511   2.2046606e-05
       68.923075   1.5646110e-05
       69.025640   8.8374087e-06
       69.128204   3.2870391e-06
       69.230768   3.4433906e-07
       69.333332   7.0669919e-07
       69.435896   4.2552406e-06
       69.538460   1.0087958e-05
       69.641024   1.6744969e-05
       69.743588   2.2572479e-05
       69.846152   2.6132512e-05
       69.948716   2.6549470e-05
       70.051281   2.3731447e-05
       70.153845   1.8381272e-05
       70.256409   1.1821745e-05
       70.358973   5.6628260e-06
       70.461537   1.4104887e-06
       70.564101   9.1170346e-08
       70.666665   2.0039025e-06
       70.769229   6.6505166e-06
       70.871793   1.2864180e-05
       70.974357   1.9095855e-05
       71.076922   2.3804269e-05
       71.179486   2.5830521e-05
       71.282050   2.4681975e-05
       71.384614   2.0649701e-05
       71.487178   1.4734054e-05
       71.589742   8.3909477e-06
       71.692306   3.1761597e-06
       71.794870   3.5612393e-07
       71.897434   6.0310233e-07
       71.999999   3.8299039e-06
       72.102563   9.2168980e-06
       72.205127   1.5416752e-05
       72.307691   2.0893023e-05
       72.410255   2.4292408e-05
       72.512819   2.4782027e-05
       72.615383   2.2247186e-05
       72.717947   1.7323633e-05
       72.820511   1.1223848e-05
       72.923075   5.4489658e-06
       73.025640   1.4074877e-06
       73.128204   7.5716171e-08
       73.230768   1.7565963e-06
       73.333332   6.0101151e-06
       73.435896   1.1766303e-05
       73.538460   1.7591802e-05
       73.641024   2.2042856e-05
       73.743588   2.4023957e-05
       73.846152   2.3052825e-05
       73.948716   1.9376990e-05
       74.051281   1.3907866e-05
       74.153845   7.9927700e-06
       74.256409   3.0828592e-06
       74.358973   3.7264482e-07
       74.461537   5.0939792e-07
       74.564101   3.4356066e-06
       74.666665   8.4073317e-06
       74.769229   1.4182374e-05
       74.871793   1.9326741e-05
       74.974357   2.2569047e-05
       75.076922   2.3113618e-05
       75.179486   2.0835027e-05
       75.282050   1.6299176e-05
       75.384614   1.0628235e-05
       75.487178   5.2165795e-06
       75.589742   1.3864682e-06
       75.692306   6.5987773e-08
       75.794870   1.5588194e-06
       75.897434   5.4753508e-06
       75.999999   1.0831951e-05
       76.102563   1.6294882e-05
       76.205127   2.0512178e-05
       76.307691   2.2446013e-05
       76.410255   2.1623664e-05
       76.512819   1.8255918e-05
       76.615383   1.3176134e-05
       76.717947   7.6377205e-06
       76.820511   2.9984361e-06
       76.923075   3.8789712e-07
       77.025640   4.3091882e-07
       77.128204   3.0956381e-06
       77.230768   7.7053954e-06
       77.333332   1.3109232e-05
       77.435896   1.7965497e-05
       77.538460   2.1075414e-05
       77.641024   2.1674214e-05
       77.743588   1.9622686e-05
       77.846152   1.5431057e-05
       77.948716   1.0136018e-05
       78.051281   5.0381600e-06
       78.153845   1.3846441e-06
       78.256409   6.0538937e-08
       78.358973   1.3729762e-06
       78.461537   4.9791488e-06
       78.564101   9.9724838e-06
       78.666665   1.5111626e-05
       78.769229   1.9123999e-05
       78.871793   2.1022090e-05
       78.974357   2.0341686e-05
       79.076922   1.7259660e-05
       79.179486   1.2535818e-05
       79.282050   7.3377503e-06
       79.384614   2.9381367e-06
       79.487178   4.0951741e-07
       79.589742   3.5754362e-07
       79.692306   2.7755369e-06
       79.794870   7.0494254e-06
       79.897434   1.2110666e-05
       79.999999   1.6703815e-05
       80.102563   1.9694955e-05
       80.205127   2.0348300e-05
       80.307691   1.8510772e-05
       80.410255   1.4637184e-05
       80.512819   9.6882900e-06
       80.615383   4.8794196e-06
       80.717947   1.3868687e-06
       80.820511   5.8445982e-08
       80.923075   1.2037977e-06
       81.025640   4.5222314e-06
       81.128204   9.1815309e-06
       81.230768   1.4023234e-05
       81.333332   1.7848577e-05
       81.435896   1.9715360e-05
       81.538460   1.9169209e-05
       81.641024   1.6348710e-05
       81.743588   1.1955004e-05
       81.846152   7.0699494e-06
       81.948716   2.8904129e-06
       82.051281   4.3509144e-07
       82.153845   2.9244320e-07
       82.256409   2.4790398e-06
       82.358973   6.4383037e-06
       82.461537   1.1180488e-05
       82.564101   1.5527915e-05
       82.666665   1.8406051e-05
       82.769229   1.9109759e-05
       82.871793   1.7467672e-05
       82.974357   1.3892858e-05
       83.076922   9.2661816e-06
       83.179486   4.7282327e-06
       83.282050   1.3884677e-06
       83.384614   5.8259662e-08
       83.487178   1.0491221e-06
       83.589742   4.1000614e-06
       83.692306   8.4446898e-06
       83.794870   1.3002800e-05
       83.897434   1.6644782e-05
       83.999999   1.8473393e-05
       84.102563   1.8042638e-05
       84.205127   1.5461815e-05
       84.307691   1.1373739e-05
       84.410255   6.7836786e-06
       84.512819   2.8199303e-06
       84.615383   4.4983819e-07
       84.717947   2.4341049e-07
       84.820511   2.2364849e-06
       84.923075   5.9229215e-06
       85.025640   1.0382560e-05
       85.128204   1.4509225e-05
       85.230768   1.7284112e-05
       85.333332   1.8026268e-05
       85.435896   1.6555491e-05
       85.538460   1.3240660e-05
       85.641024   8.8999057e-06
       85.743588   4.6013375e-06
       85.846152   1.3954901e-06
       85.948716   6.2301412e-08
       86.051281   9.1463463e-07
       86.153845   3.7273723e-06
       86.256409   7.7938402e-06
       86.358973   1.2102243e-05
       86.461537   1.5587756e-05
       86.564101   1.7390181e-05
       86.666665   1.7069801e-05
       86.769229   1.4710696e-05
       86.871793   1.0896822e-05
       86.974357   6.5691019e-06
       87.076922   2.7887065e-06
       87.179486   4.7855062e-07
       87.282050   1.9335952e-07
       87.384614   1.9883327e-06
       87.487178   5.4060657e-06
       87.589742   9.5919635e-06
       87.692306   1.3507697e-05
       87.794870   1.6184761e-05
       87.897434   1.6965156e-05
       87.999999   1.5660551e-05
       88.102563   1.2597120e-05
       88.205127   8.5334038e-06
       88.307691   4.4684964e-06
       88.410255   1.3981890e-06
       88.512819   6.9268936e-08
       88.615383   7.9550980e-07
       88.717947   3.3841253e-06
       88.820511   7.1840044e-06
       88.923075   1.1250386e-05
       89.025640   1.4575622e-05
       89.128204   1.6339805e-05
       89.230768   1.6110316e-05
       89.333332   1.3949387e-05
       89.435896   1.0391670e-05
       89.538460   6.3163607e-06
       89.641024   2.7239714e-06
       89.743588   4.9251368e-07
       89.846152   1.6203661e-07
       89.948716   1.8018802e-06
       90.051281   4.9956145e-06
       90.153845   8.9475744e-06
       90.256409   1.2678550e-05
       90.358973   1.5265764e-05
       90.461537   1.6075609e-05
       90.564101   1.4911569e-05
       90.666665   1.2065575e-05
       90.769229   8.2382611e-06
       90.871793   4.3724086e-06
       90.974357   1.4136079e-06
       91.076922   8.1199854e-08
       91.179486   6.8998323e-07
       91.282050   3.0761754e-06
       91.384614   6.6402024e-06
       91.487178   1.0494247e-05
       91.589742   1.3683807e-05
       91.692306   1.5422977e-05
       91.794870   1.5285747e-05
       91.897434   1.3309513e-05
       91.999999   9.9851666e-06
       92.102563   6.1327761e-06
       92.205127   2.6976227e-06
       92.307691   5.2011348e-07
       92.410255   1.2609377e-07
       92.512819   1.6006124e-06
       92.615383   4.5679741e-06
       92.717947   8.2865511e-06
       92.820511   1.1835004e-05
       92.923075   1.4335728e-05
       93.025640   1.5173057e-05
       93.128204   1.4144479e-05
       93.230768   1.1507793e-05
       93.333332   7.9141537e-06
       93.435896   4.2492275e-06
       93.538460   1.4102689e-06
       93.641024   9.0199912e-08
       93.743588   6.0316526e-07
       93.846152   2.8123971e-06
       93.948716   6.1631137e-06
       94.051281   9.8230964e-06
       94.153845   1.2886134e-05
       94.256409   1.4597830e-05
       94.358973   1.4539028e-05
       94.461537   1.2727526e-05
       94.564101   9.6140355e-06
       94.666665   5.9633549e-06
       94.769229   2.6732793e-06
       94.871793   5.4736430e-07
       94.974357   9.9664909e-08
       95.076922   1.4285304e-06
       95.179486   4.1956291e-06
       95.282050   7.7092683e-06
       95.384614   1.1100021e-05
       95.487178   1.3527766e-05
       95.589742   1.4396190e-05
       95.692306   1.3496771e-05
       95.794870   1.1052129e-05
       95.897434   7.6678932e-06
       95.999999   4.1765512e-06
       96.102563   1.4334654e-06
       96.205127   1.0628794e-07
       96.307691   5.1115707e-07
       96.410255   2.5364749e-06
       96.512819   5.6725054e-06
       96.615383   9.1390324e-06
       96.717947   1.2077200e-05
       96.820511   1.3761598e-05
       96.923075   1.3779206e-05
       97.025640   1.2129963e-05
       97.128204   9.2222645e-06
       97.230768   5.7747135e-06
       97.333332   2.6341565e-06
       97.435896   5.6936132e-07
       97.538460   8.0540437e-08
       97.641024   1.2784628e-06
       97.743588   3.8581122e-06
       97.846152   7.1751135e-06
       97.948716   1.0407700e-05
       98.051281   1.2756230e-05
       98.153845   1.3643372e-05
       98.256409   1.2853070e-05
       98.358973   1.0582819e-05
       98.461537   7.3948352e-06
       98.564101   4.0732182e-06
       98.666665   1.4330259e-06
       98.769229   1.1788366e-07
       98.871793   4.4291967e-07
       98.974357   2.3182711e-06
       99.076922   5.2733699e-06
       99.179486   8.5729646e-06
       99.282050   1.1401412e-05
       99.384614   1.3060202e-05
       99.487178   1.3143823e-05
       99.589742   1.1632726e-05
       99.692306   8.9042716e-06
       99.794870   5.6295282e-06
       99.897434   2.6135379e-06
