50.0185 -0.9443067543048479 0.0
50.9985 -0.9374790857076778 -0.925420619218748
52.017 -0.929317759006863 -1.8441501232122692
53.01 -0.9212682869450215 -2.7548815270389917
54.011 -0.9144840013535069 -3.65772444824511
54.9975 -0.9080900162042772 -4.553918769571545
56.0255 -0.9003137002713513 -5.443846985451732
57.01 -0.8941173500645556 -6.3261544117176545
58.0075 -0.8859703474034705 -7.2023894147809155
59.008 -0.8785949906216487 -8.070640355236314
60.008 -0.8718964309145725 -8.931663446045528
61.031 -0.8648695056810607 -9.786121948341806
62.0175 -0.85750376393968 -10.63369406390924
62.998 -0.8503092175328791 -11.474047752570126
64.0295 -0.8429065459553259 -12.307350785752345
65.0045 -0.8360053790486973 -13.13339920078856
66.0195 -0.8273356875476183 -13.952684472256282
66.997 -0.820992532910258 -14.763473446052943
68.0245 -0.8129963041956223 -15.568046128304996
69.0045 -0.8064502830860941 -16.364782506416706
70.0185 -0.7993804367399456 -17.155103783841074
71.0005 -0.792068589454597 -17.93849661184622
72.0355 -0.7850551026556999 -18.71472382951172
73.021 -0.7778277128206416 -19.484077830114302
74.0015 -0.7701459897801421 -20.24634898867853
75.027 -0.7635255601593757 -21.001092058663065
76.0075 -0.7560186422110973 -21.74934710761925
77.008 -0.7485899181090756 -22.49024537698612
78.013 -0.7418120311938006 -23.223863496733017
79.0055 -0.7345247333610226 -23.950839287302937
80.0355 -0.7266391091131463 -24.670673525996733
81.03 -0.7201827863187447 -25.382779852927616
82.0165 -0.7128001142703941 -26.088558983519984
82.9955 -0.7062811780914882 -26.787103095504968
84.014 -0.6997080782719586 -27.479258650034627
85.001 -0.6921082724158555 -28.164972566741145
86.018 -0.683196881743917 -28.84323867370868
86.9995 -0.6759600833423234 -29.512771617817716
88.018 -0.6695261241994017 -30.17521249949319
88.9995 -0.6630292738103432 -30.8313481012086
90.0255 -0.6546503307079196 -31.48111678954274
91.0145 -0.648259391166025 -32.12267411363649
91.9985 -0.6406428737842799 -32.757968316979195
93.0355 -0.6337343105822703 -33.385798333287795
94.026 -0.6262438570215506 -34.00685795765842
95.0135 -0.6189854949687457 -34.62057693753953
95.998 -0.6117064455332535 -35.22718272260891
97.0355 -0.604030356581526 -35.82665503923149
98.0235 -0.5966759254216947 -36.418604788681385
98.9995 -0.5906093460715431 -37.00334719559464
100.002 -0.5820821765741349 -37.582144354744756
101.0265 -0.5753316355823735 -38.15258488778741
102.0165 -0.5681847949805325 -38.716409890658134
102.9995 -0.5602531566224271 -39.273230989739055
104.0275 -0.5539948755568651 -39.82227908322903
105.008 -0.5469401533520927 -40.36519406127476
106.002 -0.5398886605045609 -40.901195411559804
107.035 -0.5321925984722053 -41.43028629885427
108.0165 -0.5244642545576962 -41.95183504535703
109.0005 -0.5175416320590521 -42.465810014823575
110.015 -0.5107795989275747 -42.973000814241445
110.9975 -0.5026164489584987 -43.47356482119047
112.022 -0.49484774095676815 -43.96612894116979
113.004 -0.48921514491795726 -44.45107972730743
114.016 -0.48211830538499784 -44.930510569327026
115.0025 -0.47469534186832973 -45.402986508604315
116.023 -0.4660515545995765 -45.86818794363528
117.014 -0.4603243933629354 -46.324918467142865
118.003 -0.45283118927595867 -46.776036372638536
119.0315 -0.4439737563006646 -47.21981093812898
120.029 -0.4377088433111226 -47.65490521930362
121.0195 -0.43055394671689456 -48.083859885748524
122.004 -0.42420912044626224 -48.50580275353108
123.026 -0.4165448380273681 -48.92152769156841
124.017 -0.4097106848357978 -49.32974163283522
125.0 -0.40153987057550433 -49.73125810397431
126.04 -0.39443191680416256 -50.1247671771383
127.029 -0.3880122927110361 -50.511310455606385
128.016 -0.38040898386671024 -50.891562502463195
129.001 -0.3729468341003759 -51.26436330665257
130.0385 -0.36528796631570615 -51.62985120407094
131.024 -0.3586460377742498 -51.98783341106033
132.006 -0.35149513238713215 -52.3393065280791
133.0015 -0.3444491084302386 -52.683771757818484
134.0385 -0.3356920414129767 -53.02133188408012
135.021 -0.3291810932889767 -53.350310084664834
136.0035 -0.32289034432927194 -53.672907556088035
137.025 -0.3141277089747549 -53.98934009353072
138.011 -0.3072584677167437 -54.29718524832598
139.011 -0.30059163450818127 -54.59829854668839
140.002 -0.29267301275065205 -54.8928783485064
141.0225 -0.2852434908843107 -55.179697901002044
142.008 -0.2787034830060541 -55.45923652206867
143.0065 -0.2714468130772635 -55.7323659354146
144.01 -0.2641167683278729 -55.99838381223032
144.9995 -0.25710620605572243 -56.257218245191645
146.0185 -0.24945611657821937 -56.50918232712625
147.0085 -0.24193109474562033 -56.753649321372905
148.0045 -0.23478321574307306 -56.99074179422361
149.036 -0.22820832580254985 -57.22082934565182
150.026 -0.22078052823770294 -57.44447350493832
151.013 -0.21335965534906076 -57.66083842261126
151.9985 -0.20770491242344713 -57.869930884853346
153.035 -0.199335725312351 -58.07348169902833
154.0265 -0.19204882291010697 -58.268830709834425
155.0185 -0.18518225335077898 -58.457038556286335
156.003 -0.1768735313826462 -58.638517164570096
157.0245 -0.169541226132887 -58.81185322532509
158.015 -0.16244413079043363 -58.97800362693532
158.9975 -0.15475039083639824 -59.13719887510994
160.0215 -0.14803103431594225 -59.28885425812961
161.0085 -0.14099294034129922 -59.43392467175923
162.0095 -0.13322550700658292 -59.572097753293704
162.9975 -0.12605477546910956 -59.702658750160154
164.022 -0.11950134056738916 -59.82619243011988
165.0055 -0.11154041844301232 -59.94330374387592
166.0035 -0.1031997060165754 -60.052613353950065
167.037 -0.0967337949801721 -60.15374906584631
168.023 -0.08878490013000907 -60.24854818492688
169.01 -0.08223095270858741 -60.33555738705429
170.0015 -0.0750931260504044 -60.4161437207087
171.0355 -0.06732460528964414 -60.489734984238105
172.023 -0.05982590347584033 -60.55571309742196
173.005 -0.05305358030492111 -60.61434248282828
174.0115 -0.04581407722678808 -60.66633499152711
174.9995 -0.038879361518046815 -60.71123278720935
176.0295 -0.030873223958075676 -60.74933456149704
177.0225 -0.024307852790064133 -60.779590320975956
178.0175 -0.017153162160866823 -60.80341201671022
179.0005 -0.010183589187117816 -60.82022211562787
180.02 -0.0021717034286914518 -60.83020203303124
181.0 0.005025886276443267 -60.83233030239136
182.018 0.011630972361566152 -60.82740493384045
183.008 0.01962934419423008 -60.81600658092612
184.0065 0.026482546025920234 -60.796769823615776
185.009 0.03438066238932097 -60.77081692851037
186.0085 0.04161684547422292 -60.73712387936884
187.0035 0.049766131901311045 -60.696339370804104
188.023 0.05723137991297103 -60.64756856154082
189.0035 0.06535886133753843 -60.5914818092261
190.0155 0.07149813861085087 -60.52743012511532
191.0 0.0782861639895496 -60.457361949276695
192.035 0.08552476674846786 -60.38064150856693
193.025 0.0931041737773608 -60.29682723715343
194.008 0.10010493372373616 -60.20558514685162
195.0035 0.10835732991944272 -60.10748231180236
196.037 0.11481620965419272 -60.0012921284813
197.023 0.12222395970254657 -59.8887722430202
198.0055 0.12966842351313684 -59.76899276251171
199.003 0.1372181050944879 -59.641917707468835
200.0375 0.14416997763381967 -59.50744396447624
201.0225 0.15145274644891576 -59.366157386395095
202.0105 0.15974313750555175 -59.21773369487516
203.007 0.16621759828900057 -59.06118542011971
204.009 0.17460021820609 -58.8982921737965
205.005 0.1807844412402139 -58.72718395995453
206.0265 0.18751844584832167 -58.55001520753912
207.017 0.19502191707666094 -58.36624713060777
208.006 0.20244305581995273 -58.17512565187264
209.0055 0.2097816133869288 -57.97673145716909
210.0345 0.217000642555335 -57.771145476049895
211.02 0.22384104053491968 -57.558484846345664
212.0065 0.23259361652493382 -57.33912062662145
213.005 0.23919384995137724 -57.11117888242702
214.028 0.2460743358266128 -56.87676890947467
215.014 0.25309773326420415 -56.63561606036459
215.9995 0.2600186398185111 -56.387580281765665
217.021 0.2670967894502727 -56.13276201474352
218.0075 0.2756971500026859 -55.87100716108226
219.009 0.2835239979296867 -55.60082395407962
220.0025 0.289787450072437 -55.322970436108534
221.0135 0.2973431350580977 -55.038978735037546
221.9965 0.3042652692616723 -54.74758246268061
223.0205 0.31203453611187665 -54.449402498804176
224.0035 0.31918332073073524 -54.14360865341453
225.019 0.32670826058797486 -53.830808999098416
226.0025 0.33414410867628325 -53.510634903722206
227.018 0.34143813265119266 -53.18317367721944
228.0015 0.3488594816517528 -52.84856430722127
229.0245 0.355901825382085 -52.50668201520255
230.01 0.36383964878065167 -52.15789822632811
231.0065 0.3710732224229053 -51.80133537052308
231.9995 0.37839725519902195 -51.437683612548625
233.018 0.38514740360101135 -51.066854302453585
234.009 0.39244311827244116 -50.6894098469246
235.0065 0.4009439737666066 -50.30481559101761
236.0035 0.407272143777943 -49.91189049672633
237.013 0.4141844374742736 -49.51276379582395
237.998 0.4210431425513694 -49.10686304709917
239.0295 0.42935085360080977 -48.694240767398824
240.0145 0.43644224275182103 -48.27347693087003
240.996 0.44424793833944787 -47.84576353297325
242.0235 0.45078099420948503 -47.410400553400585
243.007 0.4578534992267824 -46.9686351790753
244.007 0.46568779461499343 -46.51993874983305
245.0065 0.473779542157526 -46.06356471111037
246.006 0.48046541615400407 -45.59926075979599
247.002 0.4880515589501627 -45.12840465196506
248.0225 0.49519913690843986 -44.65011412419391
249.0045 0.5025578949504066 -44.16481897002364
250.013 0.5097616996154656 -43.672312232972246
251.002 0.5175433806750709 -43.172745767349085
252.037 0.5245190231089923 -42.66555325428752
253.0265 0.5328649125204181 -42.1515246116407
254.016 0.5387944465866236 -41.6293169973707
255.0035 0.5463111559562919 -41.101298439715805
256.0335 0.5545147474765842 -40.565913506878644
257.025 0.5621925925934477 -40.02248905435159
258.011 0.568338261076343 -39.471540313610014
259.0085 0.5761811990266342 -38.9145688177552
260.033 0.5829817089127975 -38.3499112427091
261.022 0.5912964210907073 -37.77858916797455
262.009 0.5977158645384525 -37.19911867530566
263.0075 0.6057384340527034 -36.61335712805798
264.0115 0.6129145617371419 -36.019733462686325
265.003 0.6200210150938787 -35.41907719218393
266.024 0.6271718713002652 -34.81145659739193
267.0135 0.6346095029425347 -34.19682816351768
268.0015 0.6416008251261391 -33.57491085063399
269.006 0.6494483731988931 -32.94614204201038
269.9975 0.6575250828618983 -32.30968263627547
271.0255 0.665393974854016 -31.665308055070813
272.006 0.6722001241987716 -31.013221959713874
273.006 0.679400998054748 -30.35446583799908
274.03 0.6871269074884753 -29.68865285990543
275.01 0.6941129322770546 -29.015268490566726
276.004 0.7011640520803911 -28.335037816935216
277.0325 0.709044402621066 -27.647897045896432
278.022 0.7160761801325887 -26.95303353132779
279.0105 0.7234307555482553 -26.251278874797855
280.009 0.7299747202951352 -25.54231673436057
280.9965 0.7383253546153168 -24.826941508471336
282.015 0.7456047792204148 -24.103382660948327
283.0045 0.7531492681848732 -23.372689977312323
284.0225 0.7609117649007505 -22.63460369449115
285.0075 0.7672920054661183 -21.88891016488842
286.0065 0.7748833609557281 -21.136963999531627
287.03 0.782862194716324 -20.377578305795016
288.017 0.7895474318100854 -19.610373354973017
289.009 0.7968783799516935 -18.836616871799137
290.0065 0.8035247260174475 -18.05567605944648
291.0015 0.8102386440988083 -17.268221827949382
292.0175 0.8181336274284812 -16.474187956732557
293.0 0.8254871735342654 -15.672417001852644
294.023 0.8332431847813941 -14.863439571789069
295.003 0.8407510973802481 -14.046861250703305
296.0075 0.8481723140679466 -13.222925175270664
297.0065 0.8555239956899997 -12.391716307484078
298.0005 0.8624631399880175 -11.553302791707882
299.013 0.8697786363660379 -10.708088914519628
299.996 0.8774025024815971 -9.855705850880913
301.0195 0.8835517805317977 -8.995851398448952
302.001 0.8911383064243755 -8.129970653527792
303.018 0.8998933727180282 -7.256655113231908
304.0035 0.9065671223047796 -6.374759607968243
305.0135 0.9146426205029131 -5.486323828109562
305.9975 0.921480030475099 -4.5899740600167105
307.022 0.9294579575105982 -3.6869236301511163
308.0055 0.9362271884023163 -2.7760548317907325
309.0145 0.9437336614055134 -1.8585521871564656
310.008 0.9527481622235262 -0.9336931989790657
