   0.00011173
   0.00010881
   0.00010603
   0.00010303
   0.00009852
   0.00009218
   0.00008533
   0.00007910
   0.00007450
   0.00007076
   0.00006680
   0.00006224
   0.00005597
   0.00004761
   0.00003825
   0.00002903
   0.00002094
   0.00001443
   0.00001039
   0.00000809
   0.00000600
   0.00000348
  -0.00000028
  -0.00000578
  -0.00001276
  -0.00002060
  -0.00002840
  -0.00003551
  -0.00004180
  -0.00004650
  -0.00004939
  -0.00005034
  -0.00004991
  -0.00004868
  -0.00004697
  -0.00004581
  -0.00004585
  -0.00004681
  -0.00004829
  -0.00004997
  -0.00005121
  -0.00005173
  -0.00005193
  -0.00005205
  -0.00005171
  -0.00005073
  -0.00004903
  -0.00004684
  -0.00004477
  -0.00004326
  -0.00004166
  -0.00003959
  -0.00003729
  -0.00003513
  -0.00003326
  -0.00003100
  -0.00002825
  -0.00002557
  -0.00002343
  -0.00002172
  -0.00001987
  -0.00001801
  -0.00001674
  -0.00001637
  -0.00001679
  -0.00001748
  -0.00001804
  -0.00001849
  -0.00001893
  -0.00001967
  -0.00002055
  -0.00002105
  -0.00002149
  -0.00002270
  -0.00002479
  -0.00002729
  -0.00002998
  -0.00003292
  -0.00003593
  -0.00003857
  -0.00004025
  -0.00004065
  -0.00004032
  -0.00003970
  -0.00003956
  -0.00004067
  -0.00004289
  -0.00004544
  -0.00004712
  -0.00004721
  -0.00004580
  -0.00004364
  -0.00004121
  -0.00003871
  -0.00003695
  -0.00003649
  -0.00003753
  -0.00003981
  -0.00004201
  -0.00004301
  -0.00004261
  -0.00004107
  -0.00003901
  -0.00003709
  -0.00003541
  -0.00003347
  -0.00003147
  -0.00002942
  -0.00002670
  -0.00002330
  -0.00001906
  -0.00001418
  -0.00000909
  -0.00000461
  -0.00000135
   0.00000095
   0.00000262
   0.00000412
   0.00000556
   0.00000680
   0.00000787
   0.00000889
   0.00000976
   0.00001068
   0.00001152
   0.00001213
   0.00001276
   0.00001336
   0.00001376
   0.00001408
   0.00001427
   0.00001474
   0.00001579
   0.00001708
   0.00001863
   0.00002037
   0.00002209
   0.00002364
   0.00002507
   0.00002662
   0.00002823
   0.00002969
   0.00003139
   0.00003376
   0.00003689
   0.00004055
   0.00004432
   0.00004766
   0.00004988
   0.00005052
   0.00004953
   0.00004776
   0.00004597
   0.00004488
   0.00004545
   0.00004772
   0.00005156
   0.00005639
   0.00006093
   0.00006489
   0.00006771
   0.00006897
   0.00006895
   0.00006811
   0.00006738
   0.00006757
   0.00006910
   0.00007180
   0.00007485
   0.00007759
   0.00007931
   0.00007941
   0.00007865
   0.00007769
   0.00007739
   0.00007818
   0.00007974
   0.00008202
   0.00008433
   0.00008585
   0.00008634
   0.00008585
   0.00008419
   0.00008172
   0.00007910
   0.00007726
   0.00007667
   0.00007665
   0.00007686
   0.00007653
   0.00007503
   0.00007260
   0.00006949
   0.00006629
   0.00006304
   0.00005937
   0.00005537
   0.00005091
   0.00004580
   0.00004029
   0.00003459
   0.00002911
   0.00002374
   0.00001857
   0.00001389
   0.00000904
   0.00000398
  -0.00000118
  -0.00000628
  -0.00001036
  -0.00001390
  -0.00001714
  -0.00001998
  -0.00002328
  -0.00002735
  -0.00003233
  -0.00003762
  -0.00004213
  -0.00004562
  -0.00004779
  -0.00004947
  -0.00005225
  -0.00005623
  -0.00006108
  -0.00006527
  -0.00006739
  -0.00006726
  -0.00006547
  -0.00006395
  -0.00006345
  -0.00006357
  -0.00006444
  -0.00006505
  -0.00006494
  -0.00006464
  -0.00006369
  -0.00006262
  -0.00006119
  -0.00005914
  -0.00005731
  -0.00005582
  -0.00005494
  -0.00005436
  -0.00005329
  -0.00005205
  -0.00005047
  -0.00004847
  -0.00004682
  -0.00004510
  -0.00004330
  -0.00004142
  -0.00003981
  -0.00003932
  -0.00003953
  -0.00003991
  -0.00003953
  -0.00003791
  -0.00003612
  -0.00003447
  -0.00003303
  -0.00003165
  -0.00002953
  -0.00002695
  -0.00002418
  -0.00002120
  -0.00001927
  -0.00001860
  -0.00001883
  -0.00001945
  -0.00001952
  -0.00001993
  -0.00002061
  -0.00002122
  -0.00002189
  -0.00002154
  -0.00002010
  -0.00001775
  -0.00001456
  -0.00001199
  -0.00001047
  -0.00000920
  -0.00000802
  -0.00000680
  -0.00000619
  -0.00000594
  -0.00000550
  -0.00000465
  -0.00000275
  -0.00000069
   0.00000056
   0.00000046
  -0.00000068
  -0.00000172
  -0.00000185
  -0.00000111
  -0.00000010
   0.00000022
   0.00000025
   0.00000071
   0.00000118
   0.00000183
   0.00000223
   0.00000221
   0.00000261
   0.00000315
   0.00000388
   0.00000460
   0.00000489
   0.00000569
   0.00000662
   0.00000691
   0.00000630
   0.00000475
   0.00000338
   0.00000257
   0.00000170
   0.00000104
   0.00000044
   0.00000029
   0.00000040
  -0.00000047
  -0.00000188
  -0.00000361
  -0.00000570
  -0.00000768
  -0.00000906
  -0.00000874
  -0.00000661
  -0.00000371
  -0.00000068
   0.00000204
   0.00000464
   0.00000695
   0.00000780
   0.00000743
   0.00000684
   0.00000679
   0.00000769
   0.00000897
   0.00001102
   0.00001305
   0.00001390
   0.00001427
   0.00001441
   0.00001463
   0.00001491
   0.00001483
   0.00001480
   0.00001474
   0.00001459
   0.00001512
   0.00001607
   0.00001705
   0.00001796
   0.00001853
   0.00001900
   0.00001916
   0.00001908
   0.00001875
   0.00001772
   0.00001602
   0.00001392
   0.00001193
   0.00001042
   0.00000860
   0.00000666
   0.00000517
   0.00000354
   0.00000221
   0.00000135
   0.00000093
   0.00000135
   0.00000233
   0.00000404
   0.00000575
   0.00000618
   0.00000562
   0.00000407
   0.00000179
  -0.00000066
  -0.00000334
  -0.00000543
  -0.00000684
  -0.00000700
  -0.00000445
   0.00000096
